 ------- BEAMDYN V1.00.* INDIVIDUAL BLADE INPUT FILE --------------------------
 Test Format 1
 ---------------------- BLADE PARAMETERS --------------------------------------
30   station_total    - Number of blade input stations (-)
 1   damp_type        - Damping type: 0: no damping; 1: damped
  ---------------------- DAMPING COEFFICIENT------------------------------------
   mu1        mu2        mu3        mu4        mu5        mu6
   (-)        (-)        (-)        (-)        (-)        (-)
 0.004050    0.003210    0.000140    0.003210    0.004050    0.000140  
 ---------------------- DISTRIBUTED PROPERTIES---------------------------------
	 0.000000 
	 7.6807863718597727e+09 	 2.2441547256252505e+02 	 0.0000000000000000e+00 	 0.0000000000000000e+00 	 0.0000000000000000e+00 	 -2.4737360170744769e+03
	 2.2441670921116858e+02 	 7.6807888850302000e+09 	 0.0000000000000000e+00 	 0.0000000000000000e+00 	 0.0000000000000000e+00 	 6.5914725922118396e+02
	 0.0000000000000000e+00 	 0.0000000000000000e+00 	 5.2499296139496376e+10 	 1.6656100162729828e+04 	 -4.5389951081440786e+03 	 0.0000000000000000e+00
	 0.0000000000000000e+00 	 0.0000000000000000e+00 	 1.6656102734667438e+04 	 2.1290848472921384e+11 	 -6.2442555161175587e+03 	 0.0000000000000000e+00
	 0.0000000000000000e+00 	 0.0000000000000000e+00 	 -4.5389972599327657e+03 	 -6.2442564733573572e+03 	 2.1290841246163138e+11 	 0.0000000000000000e+00
	 -2.4737360137414585e+03 	 6.5914726075792532e+02 	 0.0000000000000000e+00 	 0.0000000000000000e+00 	 0.0000000000000000e+00 	 1.2451447017036887e+11

	 3.6191563007512395e+03 	 0.0000000000000000e+00 	 0.0000000000000000e+00 	 0.0000000000000000e+00 	 0.0000000000000000e+00 	 -1.1456845253995443e-03
	 0.0000000000000000e+00 	 3.6191563007512395e+03 	 0.0000000000000000e+00 	 0.0000000000000000e+00 	 0.0000000000000000e+00 	 3.1320662682226413e-04
	 0.0000000000000000e+00 	 0.0000000000000000e+00 	 3.6191563007512395e+03 	 1.1456845253995443e-03 	 -3.1320662682226413e-04 	 0.0000000000000000e+00
	 0.0000000000000000e+00 	 0.0000000000000000e+00 	 1.1456845253995443e-03 	 1.4678610481010734e+04 	 -4.3095149415851679e-04 	 0.0000000000000000e+00
	 0.0000000000000000e+00 	 0.0000000000000000e+00 	 -3.1320662682226413e-04 	 -4.3095149415851679e-04 	 1.4678605500770456e+04 	 0.0000000000000000e+00
	 -1.1456845253995443e-03 	 3.1320662682226413e-04 	 0.0000000000000000e+00 	 0.0000000000000000e+00 	 0.0000000000000000e+00 	 2.9357215981781137e+04

	 0.020073 
	 6.7036246564160004e+09 	 -2.8440209162100288e+05 	 0.0000000000000000e+00 	 0.0000000000000000e+00 	 0.0000000000000000e+00 	 -3.7684605059624738e+08
	 -2.8440209172676504e+05 	 6.7042525691528893e+09 	 0.0000000000000000e+00 	 0.0000000000000000e+00 	 0.0000000000000000e+00 	 -5.0810461424553329e+06
	 0.0000000000000000e+00 	 0.0000000000000000e+00 	 4.5913374872697922e+10 	 2.4664935311664157e+09 	 3.5478779733825393e+07 	 0.0000000000000000e+00
	 0.0000000000000000e+00 	 0.0000000000000000e+00 	 2.4664935311686516e+09 	 1.9312242051255234e+11 	 2.6180678038530301e+07 	 0.0000000000000000e+00
	 0.0000000000000000e+00 	 0.0000000000000000e+00 	 3.5478779730471455e+07 	 2.6180678039405741e+07 	 1.9211274614530600e+11 	 0.0000000000000000e+00
	 -3.7684605059625059e+08 	 -5.0810461424563518e+06 	 0.0000000000000000e+00 	 0.0000000000000000e+00 	 0.0000000000000000e+00 	 1.1243097579424583e+11

	 3.1643151723181654e+03 	 0.0000000000000000e+00 	 0.0000000000000000e+00 	 0.0000000000000000e+00 	 0.0000000000000000e+00 	 -1.7176790568430448e+02
	 0.0000000000000000e+00 	 3.1643151723181654e+03 	 0.0000000000000000e+00 	 0.0000000000000000e+00 	 0.0000000000000000e+00 	 -2.3967100253529487e+00
	 0.0000000000000000e+00 	 0.0000000000000000e+00 	 3.1643151723181654e+03 	 1.7176790568430448e+02 	 2.3967100253529487e+00 	 0.0000000000000000e+00
	 0.0000000000000000e+00 	 0.0000000000000000e+00 	 1.7176790568430448e+02 	 1.3302449316038515e+04 	 1.4929066190774156e+00 	 0.0000000000000000e+00
	 0.0000000000000000e+00 	 0.0000000000000000e+00 	 2.3967100253529487e+00 	 1.4929066190774156e+00 	 1.3250203542646706e+04 	 0.0000000000000000e+00
	 -1.7176790568430448e+02 	 -2.3967100253529487e+00 	 0.0000000000000000e+00 	 0.0000000000000000e+00 	 0.0000000000000000e+00 	 2.6552652858685193e+04

	 0.050182 
	 3.4927583067408113e+09 	 7.4140673546599805e+07 	 0.0000000000000000e+00 	 0.0000000000000000e+00 	 0.0000000000000000e+00 	 1.9857400639181212e+08
	 7.4140673546424985e+07 	 4.0262538011315379e+09 	 0.0000000000000000e+00 	 0.0000000000000000e+00 	 0.0000000000000000e+00 	 3.4706418374720865e+08
	 0.0000000000000000e+00 	 0.0000000000000000e+00 	 2.8077607846982510e+10 	 2.8959126762306094e+09 	 -1.5162306729606407e+09 	 0.0000000000000000e+00
	 0.0000000000000000e+00 	 0.0000000000000000e+00 	 2.8959126762283673e+09 	 1.1674529031584766e+11 	 -2.8576107235514607e+09 	 0.0000000000000000e+00
	 0.0000000000000000e+00 	 0.0000000000000000e+00 	 -1.5162306729591396e+09 	 -2.8576107235563712e+09 	 1.0480687129268718e+11 	 0.0000000000000000e+00
	 1.9857400639035562e+08 	 3.4706418374782276e+08 	 0.0000000000000000e+00 	 0.0000000000000000e+00 	 0.0000000000000000e+00 	 5.5296499433733368e+10

	 1.9400689678417734e+03 	 0.0000000000000000e+00 	 0.0000000000000000e+00 	 0.0000000000000000e+00 	 0.0000000000000000e+00 	 -2.2484796709591632e+02
	 0.0000000000000000e+00 	 1.9400689678417734e+03 	 0.0000000000000000e+00 	 0.0000000000000000e+00 	 0.0000000000000000e+00 	 7.7428809171457729e+01
	 0.0000000000000000e+00 	 0.0000000000000000e+00 	 1.9400689678417734e+03 	 2.2484796709591632e+02 	 -7.7428809171457729e+01 	 0.0000000000000000e+00
	 0.0000000000000000e+00 	 0.0000000000000000e+00 	 2.2484796709591632e+02 	 8.1667582962374090e+03 	 -1.9886745599610293e+02 	 0.0000000000000000e+00
	 0.0000000000000000e+00 	 0.0000000000000000e+00 	 -7.7428809171457729e+01 	 -1.9886745599610293e+02 	 6.6787946104876619e+03 	 0.0000000000000000e+00
	 -2.2484796709591632e+02 	 7.7428809171457729e+01 	 0.0000000000000000e+00 	 0.0000000000000000e+00 	 0.0000000000000000e+00 	 1.4845552906725106e+04

	 0.087819 
	 9.8614582532302225e+08 	 2.9158386779669154e+08 	 0.0000000000000000e+00 	 0.0000000000000000e+00 	 0.0000000000000000e+00 	 1.8661705439436722e+08
	 2.9158386778843725e+08 	 1.6544882498896308e+09 	 0.0000000000000000e+00 	 0.0000000000000000e+00 	 0.0000000000000000e+00 	 2.5187969252256200e+08
	 0.0000000000000000e+00 	 0.0000000000000000e+00 	 2.6419676155498787e+10 	 -1.7404935408082585e+09 	 -3.6254241041841674e+09 	 0.0000000000000000e+00
	 0.0000000000000000e+00 	 0.0000000000000000e+00 	 -1.7404935408077831e+09 	 9.9566510656753189e+10 	 -4.7138461857847191e+10 	 0.0000000000000000e+00
	 0.0000000000000000e+00 	 0.0000000000000000e+00 	 -3.6254241041879292e+09 	 -4.7138461857841377e+10 	 8.0055890355659927e+10 	 0.0000000000000000e+00
	 1.8661705439158526e+08 	 2.5187969252461204e+08 	 0.0000000000000000e+00 	 0.0000000000000000e+00 	 0.0000000000000000e+00 	 1.4412721007118565e+10

	 1.1945751537456783e+03 	 0.0000000000000000e+00 	 0.0000000000000000e+00 	 0.0000000000000000e+00 	 0.0000000000000000e+00 	 -3.0924191991797227e+02
	 0.0000000000000000e+00 	 1.1945751537456783e+03 	 0.0000000000000000e+00 	 0.0000000000000000e+00 	 0.0000000000000000e+00 	 7.5848021708490393e+01
	 0.0000000000000000e+00 	 0.0000000000000000e+00 	 1.1945751537456783e+03 	 3.0924191991797227e+02 	 -7.5848021708490393e+01 	 0.0000000000000000e+00
	 0.0000000000000000e+00 	 0.0000000000000000e+00 	 3.0924191991797227e+02 	 5.1777307648251626e+03 	 -7.1688016679659643e+02 	 0.0000000000000000e+00
	 0.0000000000000000e+00 	 0.0000000000000000e+00 	 -7.5848021708490393e+01 	 -7.1688016679659643e+02 	 2.6800443944415820e+03 	 0.0000000000000000e+00
	 -3.0924191991797227e+02 	 7.5848021708490393e+01 	 0.0000000000000000e+00 	 0.0000000000000000e+00 	 0.0000000000000000e+00 	 7.8577751592667173e+03

	 0.125455 
	 5.9647105369249570e+08 	 2.4531094361674154e+08 	 0.0000000000000000e+00 	 0.0000000000000000e+00 	 0.0000000000000000e+00 	 1.1240729279744659e+08
	 2.4531094361669955e+08 	 9.2618576774672890e+08 	 0.0000000000000000e+00 	 0.0000000000000000e+00 	 0.0000000000000000e+00 	 1.2785225058920793e+08
	 0.0000000000000000e+00 	 0.0000000000000000e+00 	 2.6168038962949303e+10 	 -2.2585642824926596e+09 	 -3.6444377731051641e+09 	 0.0000000000000000e+00
	 0.0000000000000000e+00 	 0.0000000000000000e+00 	 -2.2585642824977617e+09 	 8.2082686744563690e+10 	 -2.8125092379553192e+10 	 0.0000000000000000e+00
	 0.0000000000000000e+00 	 0.0000000000000000e+00 	 -3.6444377731044593e+09 	 -2.8125092379551281e+10 	 5.8965703362655830e+10 	 0.0000000000000000e+00
	 1.1240729279709508e+08 	 1.2785225058780509e+08 	 0.0000000000000000e+00 	 0.0000000000000000e+00 	 0.0000000000000000e+00 	 6.0436909469715919e+09

	 9.3933045192066743e+02 	 0.0000000000000000e+00 	 0.0000000000000000e+00 	 0.0000000000000000e+00 	 0.0000000000000000e+00 	 -2.6550611399704331e+02
	 0.0000000000000000e+00 	 9.3933045192066743e+02 	 0.0000000000000000e+00 	 0.0000000000000000e+00 	 0.0000000000000000e+00 	 6.3244198823685721e+01
	 0.0000000000000000e+00 	 0.0000000000000000e+00 	 9.3933045192066743e+02 	 2.6550611399704331e+02 	 -6.3244198823685721e+01 	 0.0000000000000000e+00
	 0.0000000000000000e+00 	 0.0000000000000000e+00 	 2.6550611399704331e+02 	 4.0550436476088917e+03 	 -2.6501412389832819e+02 	 0.0000000000000000e+00
	 0.0000000000000000e+00 	 0.0000000000000000e+00 	 -6.3244198823685721e+01 	 -2.6501412389832819e+02 	 1.4798114748751102e+03 	 0.0000000000000000e+00
	 -2.6550611399704331e+02 	 6.3244198823685721e+01 	 0.0000000000000000e+00 	 0.0000000000000000e+00 	 0.0000000000000000e+00 	 5.5348551224840112e+03

	 0.163092 
	 4.9346286692746615e+08 	 1.8167571166109887e+08 	 0.0000000000000000e+00 	 0.0000000000000000e+00 	 0.0000000000000000e+00 	 1.3633788814735451e+08
	 1.8167571165967461e+08 	 8.2241348462273073e+08 	 0.0000000000000000e+00 	 0.0000000000000000e+00 	 0.0000000000000000e+00 	 1.2617131655958147e+08
	 0.0000000000000000e+00 	 0.0000000000000000e+00 	 2.6893244478828075e+10 	 -2.4378275965922408e+09 	 -2.8723134735884604e+09 	 0.0000000000000000e+00
	 0.0000000000000000e+00 	 0.0000000000000000e+00 	 -2.4378275965929151e+09 	 7.5588249101481277e+10 	 -1.7905890181558044e+10 	 0.0000000000000000e+00
	 0.0000000000000000e+00 	 0.0000000000000000e+00 	 -2.8723134735895596e+09 	 -1.7905890181552929e+10 	 4.4436654868619934e+10 	 0.0000000000000000e+00
	 1.3633788814799526e+08 	 1.2617131656162740e+08 	 0.0000000000000000e+00 	 0.0000000000000000e+00 	 0.0000000000000000e+00 	 3.9042016063943071e+09

	 8.6996410322567590e+02 	 0.0000000000000000e+00 	 0.0000000000000000e+00 	 0.0000000000000000e+00 	 0.0000000000000000e+00 	 -3.0622131477390110e+02
	 0.0000000000000000e+00 	 8.6996410322567590e+02 	 0.0000000000000000e+00 	 0.0000000000000000e+00 	 0.0000000000000000e+00 	 6.6149715429488523e+01
	 0.0000000000000000e+00 	 0.0000000000000000e+00 	 8.6996410322567590e+02 	 3.0622131477390110e+02 	 -6.6149715429488523e+01 	 0.0000000000000000e+00
	 0.0000000000000000e+00 	 0.0000000000000000e+00 	 3.0622131477390110e+02 	 3.9310928077603367e+03 	 -1.7627440181180680e+02 	 0.0000000000000000e+00
	 0.0000000000000000e+00 	 0.0000000000000000e+00 	 -6.6149715429488523e+01 	 -1.7627440181180680e+02 	 9.6370525265909021e+02 	 0.0000000000000000e+00
	 -3.0622131477390110e+02 	 6.6149715429488523e+01 	 0.0000000000000000e+00 	 0.0000000000000000e+00 	 0.0000000000000000e+00 	 4.8947980604194290e+03

	 0.200728 
	 5.1916651199314624e+08 	 1.7238040462047979e+08 	 0.0000000000000000e+00 	 0.0000000000000000e+00 	 0.0000000000000000e+00 	 1.8525896572291082e+08
	 1.7238040463509029e+08 	 9.1755631786275423e+08 	 0.0000000000000000e+00 	 0.0000000000000000e+00 	 0.0000000000000000e+00 	 4.3060383410897925e+07
	 0.0000000000000000e+00 	 0.0000000000000000e+00 	 2.7223374513705418e+10 	 -1.4422819526033559e+09 	 -2.6220683816321807e+09 	 0.0000000000000000e+00
	 0.0000000000000000e+00 	 0.0000000000000000e+00 	 -1.4422819527666726e+09 	 6.8498143086745811e+10 	 -1.5069768796717699e+10 	 0.0000000000000000e+00
	 0.0000000000000000e+00 	 0.0000000000000000e+00 	 -2.6220683817235737e+09 	 -1.5069768796631582e+10 	 4.1239865155064819e+10 	 0.0000000000000000e+00
	 1.8525896576045379e+08 	 4.3060383404651485e+07 	 0.0000000000000000e+00 	 0.0000000000000000e+00 	 0.0000000000000000e+00 	 3.9133677337885542e+09

	 9.0951321277598504e+02 	 0.0000000000000000e+00 	 0.0000000000000000e+00 	 0.0000000000000000e+00 	 0.0000000000000000e+00 	 -3.2461105182225094e+02
	 0.0000000000000000e+00 	 9.0951321277598504e+02 	 0.0000000000000000e+00 	 0.0000000000000000e+00 	 0.0000000000000000e+00 	 6.1827129437204135e+01
	 0.0000000000000000e+00 	 0.0000000000000000e+00 	 9.0951321277598504e+02 	 3.2461105182225094e+02 	 -6.1827129437204135e+01 	 0.0000000000000000e+00
	 0.0000000000000000e+00 	 0.0000000000000000e+00 	 3.2461105182225094e+02 	 4.1929742489333994e+03 	 -1.5187254236529495e+02 	 0.0000000000000000e+00
	 0.0000000000000000e+00 	 0.0000000000000000e+00 	 -6.1827129437204135e+01 	 -1.5187254236529495e+02 	 8.9911785570537802e+02 	 0.0000000000000000e+00
	 -3.2461105182225094e+02 	 6.1827129437204135e+01 	 0.0000000000000000e+00 	 0.0000000000000000e+00 	 0.0000000000000000e+00 	 5.0920921046387421e+03

	 0.238365 
	 4.6328353319321162e+08 	 1.1848639586444767e+08 	 0.0000000000000000e+00 	 0.0000000000000000e+00 	 0.0000000000000000e+00 	 1.0083979469469823e+08
	 1.1848639595653123e+08 	 7.7247544064271975e+08 	 0.0000000000000000e+00 	 0.0000000000000000e+00 	 0.0000000000000000e+00 	 5.5447290781445660e+07
	 0.0000000000000000e+00 	 0.0000000000000000e+00 	 2.6432416592430408e+10 	 -6.9997096869113636e+08 	 -2.2236052096717405e+09 	 0.0000000000000000e+00
	 0.0000000000000000e+00 	 0.0000000000000000e+00 	 -6.9997096874896729e+08 	 5.7472324463319267e+10 	 -1.0562504195608475e+10 	 0.0000000000000000e+00
	 0.0000000000000000e+00 	 0.0000000000000000e+00 	 -2.2236052096741333e+09 	 -1.0562504195675495e+10 	 3.6986747160679688e+10 	 0.0000000000000000e+00
	 1.0083979466960123e+08 	 5.5447290841225810e+07 	 0.0000000000000000e+00 	 0.0000000000000000e+00 	 0.0000000000000000e+00 	 2.9223540863186131e+09

	 7.8981957398983252e+02 	 0.0000000000000000e+00 	 0.0000000000000000e+00 	 0.0000000000000000e+00 	 0.0000000000000000e+00 	 -4.0586715175923166e+02
	 0.0000000000000000e+00 	 7.8981957398983252e+02 	 0.0000000000000000e+00 	 0.0000000000000000e+00 	 0.0000000000000000e+00 	 5.4650194456918420e+01
	 0.0000000000000000e+00 	 0.0000000000000000e+00 	 7.8981957398983252e+02 	 4.0586715175923166e+02 	 -5.4650194456918420e+01 	 0.0000000000000000e+00
	 0.0000000000000000e+00 	 0.0000000000000000e+00 	 4.0586715175923166e+02 	 3.4327016149115302e+03 	 -1.3633486543745880e+02 	 0.0000000000000000e+00
	 0.0000000000000000e+00 	 0.0000000000000000e+00 	 -5.4650194456918420e+01 	 -1.3633486543745880e+02 	 7.2596732226912729e+02 	 0.0000000000000000e+00
	 -4.0586715175923166e+02 	 5.4650194456918420e+01 	 0.0000000000000000e+00 	 0.0000000000000000e+00 	 0.0000000000000000e+00 	 4.1586689371806688e+03

	 0.276001 
	 4.3627373876514393e+08 	 8.3671997284879044e+07 	 0.0000000000000000e+00 	 0.0000000000000000e+00 	 0.0000000000000000e+00 	 9.3404985018496677e+07
	 8.3671997284540653e+07 	 7.0152155124759400e+08 	 0.0000000000000000e+00 	 0.0000000000000000e+00 	 0.0000000000000000e+00 	 6.4087078054278135e+07
	 0.0000000000000000e+00 	 0.0000000000000000e+00 	 2.5698734726300652e+10 	 -7.4108765283374953e+08 	 -1.7825723091621640e+09 	 0.0000000000000000e+00
	 0.0000000000000000e+00 	 0.0000000000000000e+00 	 -7.4108765283422256e+08 	 4.8473959687723198e+10 	 -6.9012864124164209e+09 	 0.0000000000000000e+00
	 0.0000000000000000e+00 	 0.0000000000000000e+00 	 -1.7825723091662080e+09 	 -6.9012864124270363e+09 	 3.1931002329343754e+10 	 0.0000000000000000e+00
	 9.3404985018426895e+07 	 6.4087078053691924e+07 	 0.0000000000000000e+00 	 0.0000000000000000e+00 	 0.0000000000000000e+00 	 2.4018267247293425e+09

	 7.3003864458214582e+02 	 0.0000000000000000e+00 	 0.0000000000000000e+00 	 0.0000000000000000e+00 	 0.0000000000000000e+00 	 -3.6636217483407563e+02
	 0.0000000000000000e+00 	 7.3003864458214582e+02 	 0.0000000000000000e+00 	 0.0000000000000000e+00 	 0.0000000000000000e+00 	 4.5756430017464574e+01
	 0.0000000000000000e+00 	 0.0000000000000000e+00 	 7.3003864458214582e+02 	 3.6636217483407563e+02 	 -4.5756430017464574e+01 	 0.0000000000000000e+00
	 0.0000000000000000e+00 	 0.0000000000000000e+00 	 3.6636217483407563e+02 	 2.8699577905561209e+03 	 -1.0826418326451328e+02 	 0.0000000000000000e+00
	 0.0000000000000000e+00 	 0.0000000000000000e+00 	 -4.5756430017464574e+01 	 -1.0826418326451328e+02 	 6.0217445169421444e+02 	 0.0000000000000000e+00
	 -3.6636217483407563e+02 	 4.5756430017464574e+01 	 0.0000000000000000e+00 	 0.0000000000000000e+00 	 0.0000000000000000e+00 	 3.4721322422503404e+03

	 0.313638 
	 4.0379466285007656e+08 	 5.5042362530505896e+07 	 0.0000000000000000e+00 	 0.0000000000000000e+00 	 0.0000000000000000e+00 	 9.1027584754837364e+07
	 5.5042362530406237e+07 	 6.5784223975005913e+08 	 0.0000000000000000e+00 	 0.0000000000000000e+00 	 0.0000000000000000e+00 	 5.9964912221643358e+07
	 0.0000000000000000e+00 	 0.0000000000000000e+00 	 2.4977417975945946e+10 	 -9.1959506726928699e+08 	 -1.3293816521848340e+09 	 0.0000000000000000e+00
	 0.0000000000000000e+00 	 0.0000000000000000e+00 	 -9.1959506726765358e+08 	 4.0630498659241814e+10 	 -4.1972773333334351e+09 	 0.0000000000000000e+00
	 0.0000000000000000e+00 	 0.0000000000000000e+00 	 -1.3293816521851966e+09 	 -4.1972773333318548e+09 	 2.6766849790172054e+10 	 0.0000000000000000e+00
	 9.1027584754131094e+07 	 5.9964912221089318e+07 	 0.0000000000000000e+00 	 0.0000000000000000e+00 	 0.0000000000000000e+00 	 1.9402130684255977e+09

	 6.8102498284263447e+02 	 0.0000000000000000e+00 	 0.0000000000000000e+00 	 0.0000000000000000e+00 	 0.0000000000000000e+00 	 -3.2837303332065505e+02
	 0.0000000000000000e+00 	 6.8102498284263447e+02 	 0.0000000000000000e+00 	 0.0000000000000000e+00 	 0.0000000000000000e+00 	 3.5665576619598887e+01
	 0.0000000000000000e+00 	 0.0000000000000000e+00 	 6.8102498284263447e+02 	 3.2837303332065505e+02 	 -3.5665576619598887e+01 	 0.0000000000000000e+00
	 0.0000000000000000e+00 	 0.0000000000000000e+00 	 3.2837303332065505e+02 	 2.4203112756869896e+03 	 -8.1308446545783156e+01 	 0.0000000000000000e+00
	 0.0000000000000000e+00 	 0.0000000000000000e+00 	 -3.5665576619598887e+01 	 -8.1308446545783156e+01 	 4.8649910239314005e+02 	 0.0000000000000000e+00
	 -3.2837303332065505e+02 	 3.5665576619598887e+01 	 0.0000000000000000e+00 	 0.0000000000000000e+00 	 0.0000000000000000e+00 	 2.9068103780801348e+03

	 0.351274 
	 3.6773541155838275e+08 	 3.3068699042728484e+07 	 0.0000000000000000e+00 	 0.0000000000000000e+00 	 0.0000000000000000e+00 	 8.8489459688792259e+07
	 3.3068699043092806e+07 	 6.3057400673998082e+08 	 0.0000000000000000e+00 	 0.0000000000000000e+00 	 0.0000000000000000e+00 	 4.7693684928042293e+07
	 0.0000000000000000e+00 	 0.0000000000000000e+00 	 2.4370078773614006e+10 	 -1.1428739071118577e+09 	 -9.1732224121397972e+08 	 0.0000000000000000e+00
	 0.0000000000000000e+00 	 0.0000000000000000e+00 	 -1.1428739071113062e+09 	 3.3649760256932953e+10 	 -2.3092111146574788e+09 	 0.0000000000000000e+00
	 0.0000000000000000e+00 	 0.0000000000000000e+00 	 -9.1732224121424866e+08 	 -2.3092111146583509e+09 	 2.2087409012668228e+10 	 0.0000000000000000e+00
	 8.8489459688936099e+07 	 4.7693684927787654e+07 	 0.0000000000000000e+00 	 0.0000000000000000e+00 	 0.0000000000000000e+00 	 1.5419775158033266e+09

	 6.3350937815033387e+02 	 0.0000000000000000e+00 	 0.0000000000000000e+00 	 0.0000000000000000e+00 	 0.0000000000000000e+00 	 -2.8730487598314875e+02
	 0.0000000000000000e+00 	 6.3350937815033387e+02 	 0.0000000000000000e+00 	 0.0000000000000000e+00 	 0.0000000000000000e+00 	 2.6438622283538844e+01
	 0.0000000000000000e+00 	 0.0000000000000000e+00 	 6.3350937815033387e+02 	 2.8730487598314875e+02 	 -2.6438622283538844e+01 	 0.0000000000000000e+00
	 0.0000000000000000e+00 	 0.0000000000000000e+00 	 2.8730487598314875e+02 	 2.0054621769129781e+03 	 -6.1485351066599129e+01 	 0.0000000000000000e+00
	 0.0000000000000000e+00 	 0.0000000000000000e+00 	 -2.6438622283538844e+01 	 -6.1485351066599129e+01 	 3.8599652403130216e+02 	 0.0000000000000000e+00
	 -2.8730487598314875e+02 	 2.6438622283538844e+01 	 0.0000000000000000e+00 	 0.0000000000000000e+00 	 0.0000000000000000e+00 	 2.3914587009442766e+03

	 0.388910 
	 3.3082032685702842e+08 	 1.6604254399313087e+07 	 0.0000000000000000e+00 	 0.0000000000000000e+00 	 0.0000000000000000e+00 	 8.6087969359299719e+07
	 1.6604254399334945e+07 	 6.0726567321403837e+08 	 0.0000000000000000e+00 	 0.0000000000000000e+00 	 0.0000000000000000e+00 	 3.5518575573900983e+07
	 0.0000000000000000e+00 	 0.0000000000000000e+00 	 2.3746201216547962e+10 	 -1.3827391073459723e+09 	 -5.6104844296056139e+08 	 0.0000000000000000e+00
	 0.0000000000000000e+00 	 0.0000000000000000e+00 	 -1.3827391073469830e+09 	 2.7880407655928768e+10 	 -1.0083341841806022e+09 	 0.0000000000000000e+00
	 0.0000000000000000e+00 	 0.0000000000000000e+00 	 -5.6104844296097314e+08 	 -1.0083341841810715e+09 	 1.7874463679942726e+10 	 0.0000000000000000e+00
	 8.6087969359244615e+07 	 3.5518575573332593e+07 	 0.0000000000000000e+00 	 0.0000000000000000e+00 	 0.0000000000000000e+00 	 1.2077765743968277e+09

	 5.8905761738786919e+02 	 0.0000000000000000e+00 	 0.0000000000000000e+00 	 0.0000000000000000e+00 	 0.0000000000000000e+00 	 -2.4942328438362000e+02
	 0.0000000000000000e+00 	 5.8905761738786919e+02 	 0.0000000000000000e+00 	 0.0000000000000000e+00 	 0.0000000000000000e+00 	 1.8508418031852461e+01
	 0.0000000000000000e+00 	 0.0000000000000000e+00 	 5.8905761738786919e+02 	 2.4942328438362000e+02 	 -1.8508418031852461e+01 	 0.0000000000000000e+00
	 0.0000000000000000e+00 	 0.0000000000000000e+00 	 2.4942328438362000e+02 	 1.6494820897985608e+03 	 -4.7081219176274111e+01 	 0.0000000000000000e+00
	 0.0000000000000000e+00 	 0.0000000000000000e+00 	 -1.8508418031852461e+01 	 -4.7081219176274111e+01 	 3.0126300719637311e+02 	 0.0000000000000000e+00
	 -2.4942328438362000e+02 	 1.8508418031852461e+01 	 0.0000000000000000e+00 	 0.0000000000000000e+00 	 0.0000000000000000e+00 	 1.9507450969949323e+03

	 0.426546 
	 2.9679762253387558e+08 	 1.2224770511757158e+07 	 0.0000000000000000e+00 	 0.0000000000000000e+00 	 0.0000000000000000e+00 	 8.2280592869695351e+07
	 1.2224770511731789e+07 	 5.8294453667037070e+08 	 0.0000000000000000e+00 	 0.0000000000000000e+00 	 0.0000000000000000e+00 	 2.6014153309519287e+07
	 0.0000000000000000e+00 	 0.0000000000000000e+00 	 2.2902278494954735e+10 	 -1.7151351207991776e+09 	 -3.2650577311150986e+08 	 0.0000000000000000e+00
	 0.0000000000000000e+00 	 0.0000000000000000e+00 	 -1.7151351207986329e+09 	 2.2690138322036346e+10 	 -6.2820811152060628e+08 	 0.0000000000000000e+00
	 0.0000000000000000e+00 	 0.0000000000000000e+00 	 -3.2650577311108232e+08 	 -6.2820811151989722e+08 	 1.4083962056486639e+10 	 0.0000000000000000e+00
	 8.2280592869828761e+07 	 2.6014153309593618e+07 	 0.0000000000000000e+00 	 0.0000000000000000e+00 	 0.0000000000000000e+00 	 9.5788125897543895e+08

	 5.4367590416472467e+02 	 0.0000000000000000e+00 	 0.0000000000000000e+00 	 0.0000000000000000e+00 	 0.0000000000000000e+00 	 -2.1218964331472156e+02
	 0.0000000000000000e+00 	 5.4367590416472467e+02 	 0.0000000000000000e+00 	 0.0000000000000000e+00 	 0.0000000000000000e+00 	 1.3122474245119264e+01
	 0.0000000000000000e+00 	 0.0000000000000000e+00 	 5.4367590416472467e+02 	 2.1218964331472156e+02 	 -1.3122474245119264e+01 	 0.0000000000000000e+00
	 0.0000000000000000e+00 	 0.0000000000000000e+00 	 2.1218964331472156e+02 	 1.3205812975288256e+03 	 -3.5721546449661027e+01 	 0.0000000000000000e+00
	 0.0000000000000000e+00 	 0.0000000000000000e+00 	 -1.3122474245119264e+01 	 -3.5721546449661027e+01 	 2.3180088043050299e+02 	 0.0000000000000000e+00
	 -2.1218964331472156e+02 	 1.3122474245119264e+01 	 0.0000000000000000e+00 	 0.0000000000000000e+00 	 0.0000000000000000e+00 	 1.5523821779593227e+03

	 0.464180 
	 2.6347647881105295e+08 	 1.0437985215111496e+07 	 0.0000000000000000e+00 	 0.0000000000000000e+00 	 0.0000000000000000e+00 	 7.3498063637780190e+07
	 1.0437985215129690e+07 	 5.5905121419383478e+08 	 0.0000000000000000e+00 	 0.0000000000000000e+00 	 0.0000000000000000e+00 	 1.9788312494473271e+07
	 0.0000000000000000e+00 	 0.0000000000000000e+00 	 2.1751432322195053e+10 	 -1.6845819623502114e+09 	 -2.1088911582088661e+08 	 0.0000000000000000e+00
	 0.0000000000000000e+00 	 0.0000000000000000e+00 	 -1.6845819623502653e+09 	 1.7902375647781265e+10 	 -4.3006039549857789e+08 	 0.0000000000000000e+00
	 0.0000000000000000e+00 	 0.0000000000000000e+00 	 -2.1088911582070333e+08 	 -4.3006039549844867e+08 	 1.0777118957678177e+10 	 0.0000000000000000e+00
	 7.3498063637753963e+07 	 1.9788312494727474e+07 	 0.0000000000000000e+00 	 0.0000000000000000e+00 	 0.0000000000000000e+00 	 7.4629266378406715e+08

	 4.9605189846383479e+02 	 0.0000000000000000e+00 	 0.0000000000000000e+00 	 0.0000000000000000e+00 	 0.0000000000000000e+00 	 -1.8099331940836936e+02
	 0.0000000000000000e+00 	 4.9605189846383479e+02 	 0.0000000000000000e+00 	 0.0000000000000000e+00 	 0.0000000000000000e+00 	 9.5585538525741445e+00
	 0.0000000000000000e+00 	 0.0000000000000000e+00 	 4.9605189846383479e+02 	 1.8099331940836936e+02 	 -9.5585538525741445e+00 	 0.0000000000000000e+00
	 0.0000000000000000e+00 	 0.0000000000000000e+00 	 1.8099331940836936e+02 	 1.0332827886375244e+03 	 -2.6498355937922248e+01 	 0.0000000000000000e+00
	 0.0000000000000000e+00 	 0.0000000000000000e+00 	 -9.5585538525741445e+00 	 -2.6498355937922248e+01 	 1.7405279327899459e+02 	 0.0000000000000000e+00
	 -1.8099331940836936e+02 	 9.5585538525741445e+00 	 0.0000000000000000e+00 	 0.0000000000000000e+00 	 0.0000000000000000e+00 	 1.2073355819165240e+03

	 0.501813 
	 2.3989180672026926e+08 	 8.6916489721827041e+06 	 0.0000000000000000e+00 	 0.0000000000000000e+00 	 0.0000000000000000e+00 	 6.7381896454794779e+07
	 8.6916489719293080e+06 	 5.3705995800261593e+08 	 0.0000000000000000e+00 	 0.0000000000000000e+00 	 0.0000000000000000e+00 	 1.2231954411245227e+07
	 0.0000000000000000e+00 	 0.0000000000000000e+00 	 2.0445916102358868e+10 	 -1.4333336846576543e+09 	 -6.9732117414182842e+07 	 0.0000000000000000e+00
	 0.0000000000000000e+00 	 0.0000000000000000e+00 	 -1.4333336846577334e+09 	 1.3805580630261164e+10 	 -2.6590603726477301e+08 	 0.0000000000000000e+00
	 0.0000000000000000e+00 	 0.0000000000000000e+00 	 -6.9732117414543107e+07 	 -2.6590603726544952e+08 	 8.0850746456821280e+09 	 0.0000000000000000e+00
	 6.7381896454796523e+07 	 1.2231954411634434e+07 	 0.0000000000000000e+00 	 0.0000000000000000e+00 	 0.0000000000000000e+00 	 5.3341431380869597e+08

	 4.5004838924768188e+02 	 0.0000000000000000e+00 	 0.0000000000000000e+00 	 0.0000000000000000e+00 	 0.0000000000000000e+00 	 -1.4532228347767156e+02
	 0.0000000000000000e+00 	 4.5004838924768188e+02 	 0.0000000000000000e+00 	 0.0000000000000000e+00 	 0.0000000000000000e+00 	 5.8133991033682175e+00
	 0.0000000000000000e+00 	 0.0000000000000000e+00 	 4.5004838924768188e+02 	 1.4532228347767156e+02 	 -5.8133991033682175e+00 	 0.0000000000000000e+00
	 0.0000000000000000e+00 	 0.0000000000000000e+00 	 1.4532228347767156e+02 	 7.7227704460020436e+02 	 -1.7897497816278189e+01 	 0.0000000000000000e+00
	 0.0000000000000000e+00 	 0.0000000000000000e+00 	 -5.8133991033682175e+00 	 -1.7897497816278189e+01 	 1.2908844724588104e+02 	 0.0000000000000000e+00
	 -1.4532228347767156e+02 	 5.8133991033682175e+00 	 0.0000000000000000e+00 	 0.0000000000000000e+00 	 0.0000000000000000e+00 	 9.0136549184608839e+02

	 0.539445 
	 1.9650591700012904e+08 	 6.7810097247575978e+06 	 0.0000000000000000e+00 	 0.0000000000000000e+00 	 0.0000000000000000e+00 	 7.7470938501412004e+07
	 6.7810097249629879e+06 	 5.0946483790986061e+08 	 0.0000000000000000e+00 	 0.0000000000000000e+00 	 0.0000000000000000e+00 	 1.0708240413491625e+07
	 0.0000000000000000e+00 	 0.0000000000000000e+00 	 1.9300435901703033e+10 	 -1.3325150155462515e+09 	 -9.2124765886933044e+07 	 0.0000000000000000e+00
	 0.0000000000000000e+00 	 0.0000000000000000e+00 	 -1.3325150155463586e+09 	 1.1291189798084332e+10 	 -1.6668331422372094e+08 	 0.0000000000000000e+00
	 0.0000000000000000e+00 	 0.0000000000000000e+00 	 -9.2124765886954948e+07 	 -1.6668331422340810e+08 	 6.0087448446517067e+09 	 0.0000000000000000e+00
	 7.7470938501335233e+07 	 1.0708240413501574e+07 	 0.0000000000000000e+00 	 0.0000000000000000e+00 	 0.0000000000000000e+00 	 3.9201370955803967e+08

	 4.0792364353897563e+02 	 0.0000000000000000e+00 	 0.0000000000000000e+00 	 0.0000000000000000e+00 	 0.0000000000000000e+00 	 -1.1886201631859022e+02
	 0.0000000000000000e+00 	 4.0792364353897563e+02 	 0.0000000000000000e+00 	 0.0000000000000000e+00 	 0.0000000000000000e+00 	 5.7730900506392819e+00
	 0.0000000000000000e+00 	 0.0000000000000000e+00 	 4.0792364353897563e+02 	 1.1886201631859022e+02 	 -5.7730900506392819e+00 	 0.0000000000000000e+00
	 0.0000000000000000e+00 	 0.0000000000000000e+00 	 1.1886201631859022e+02 	 6.0597559331578100e+02 	 -1.3477069793888468e+01 	 0.0000000000000000e+00
	 0.0000000000000000e+00 	 0.0000000000000000e+00 	 -5.7730900506392819e+00 	 -1.3477069793888468e+01 	 9.3997285650208369e+01 	 0.0000000000000000e+00
	 -1.1886201631859022e+02 	 5.7730900506392819e+00 	 0.0000000000000000e+00 	 0.0000000000000000e+00 	 0.0000000000000000e+00 	 6.9997287896598607e+02

	 0.577074 
	 1.7461775233202028e+08 	 4.4289792254346674e+06 	 0.0000000000000000e+00 	 0.0000000000000000e+00 	 0.0000000000000000e+00 	 6.5067694196012296e+07
	 4.4289792253857739e+06 	 4.9062334859096861e+08 	 0.0000000000000000e+00 	 0.0000000000000000e+00 	 0.0000000000000000e+00 	 9.6546724131594896e+06
	 0.0000000000000000e+00 	 0.0000000000000000e+00 	 1.8080876119125893e+10 	 -1.1076903903458385e+09 	 -1.0149718815259358e+08 	 0.0000000000000000e+00
	 0.0000000000000000e+00 	 0.0000000000000000e+00 	 -1.1076903903461087e+09 	 9.2209369883472939e+09 	 -7.9191187513319373e+07 	 0.0000000000000000e+00
	 0.0000000000000000e+00 	 0.0000000000000000e+00 	 -1.0149718815276708e+08 	 -7.9191187513763383e+07 	 4.3942265958130760e+09 	 0.0000000000000000e+00
	 6.5067694196003139e+07 	 9.6546724132575151e+06 	 0.0000000000000000e+00 	 0.0000000000000000e+00 	 0.0000000000000000e+00 	 3.0260086114486629e+08

	 3.7449959072617156e+02 	 0.0000000000000000e+00 	 0.0000000000000000e+00 	 0.0000000000000000e+00 	 0.0000000000000000e+00 	 -1.0191030252890795e+02
	 0.0000000000000000e+00 	 3.7449959072617156e+02 	 0.0000000000000000e+00 	 0.0000000000000000e+00 	 0.0000000000000000e+00 	 5.5981053932908598e+00
	 0.0000000000000000e+00 	 0.0000000000000000e+00 	 3.7449959072617156e+02 	 1.0191030252890795e+02 	 -5.5981053932908598e+00 	 0.0000000000000000e+00
	 0.0000000000000000e+00 	 0.0000000000000000e+00 	 1.0191030252890795e+02 	 4.7775422374188730e+02 	 -9.9538704570494616e+00 	 0.0000000000000000e+00
	 0.0000000000000000e+00 	 0.0000000000000000e+00 	 -5.5981053932908598e+00 	 -9.9538704570494616e+00 	 6.7984909484276940e+01 	 0.0000000000000000e+00
	 -1.0191030252890795e+02 	 5.5981053932908598e+00 	 0.0000000000000000e+00 	 0.0000000000000000e+00 	 0.0000000000000000e+00 	 5.4573913322616761e+02

	 0.614699 
	 1.5419003232826266e+08 	 3.9936625261355485e+06 	 0.0000000000000000e+00 	 0.0000000000000000e+00 	 0.0000000000000000e+00 	 5.2380903432803743e+07
	 3.9936625261373483e+06 	 4.7757146138580722e+08 	 0.0000000000000000e+00 	 0.0000000000000000e+00 	 0.0000000000000000e+00 	 7.4270015717006568e+06
	 0.0000000000000000e+00 	 0.0000000000000000e+00 	 1.6734083120988337e+10 	 -7.5339023683747137e+08 	 -1.1236512876670052e+08 	 0.0000000000000000e+00
	 0.0000000000000000e+00 	 0.0000000000000000e+00 	 -7.5339023683745694e+08 	 7.3997295705608873e+09 	 -4.0985798908217564e+07 	 0.0000000000000000e+00
	 0.0000000000000000e+00 	 0.0000000000000000e+00 	 -1.1236512876664935e+08 	 -4.0985798908144467e+07 	 3.1793536452866139e+09 	 0.0000000000000000e+00
	 5.2380903432801366e+07 	 7.4270015716803577e+06 	 0.0000000000000000e+00 	 0.0000000000000000e+00 	 0.0000000000000000e+00 	 2.3220976595476449e+08

	 3.4146005712974267e+02 	 0.0000000000000000e+00 	 0.0000000000000000e+00 	 0.0000000000000000e+00 	 0.0000000000000000e+00 	 -8.8030603242357714e+01
	 0.0000000000000000e+00 	 3.4146005712974267e+02 	 0.0000000000000000e+00 	 0.0000000000000000e+00 	 0.0000000000000000e+00 	 5.4105653379269292e+00
	 0.0000000000000000e+00 	 0.0000000000000000e+00 	 3.4146005712974267e+02 	 8.8030603242357714e+01 	 -5.4105653379269292e+00 	 0.0000000000000000e+00
	 0.0000000000000000e+00 	 0.0000000000000000e+00 	 8.8030603242357714e+01 	 3.7165337106647689e+02 	 -7.5326991887579515e+00 	 0.0000000000000000e+00
	 0.0000000000000000e+00 	 0.0000000000000000e+00 	 -5.4105653379269292e+00 	 -7.5326991887579515e+00 	 4.8771614170330302e+01 	 0.0000000000000000e+00
	 -8.8030603242357714e+01 	 5.4105653379269292e+00 	 0.0000000000000000e+00 	 0.0000000000000000e+00 	 0.0000000000000000e+00 	 4.2042498523680615e+02

	 0.652319 
	 1.3618693110666081e+08 	 2.7944858969301046e+06 	 0.0000000000000000e+00 	 0.0000000000000000e+00 	 0.0000000000000000e+00 	 4.2783961098659784e+07
	 2.7944858969206670e+06 	 4.6332234591394103e+08 	 0.0000000000000000e+00 	 0.0000000000000000e+00 	 0.0000000000000000e+00 	 1.0027734358602948e+07
	 0.0000000000000000e+00 	 0.0000000000000000e+00 	 1.5361552741240061e+10 	 -5.5404420219130194e+08 	 -1.4447578458753949e+08 	 0.0000000000000000e+00
	 0.0000000000000000e+00 	 0.0000000000000000e+00 	 -5.5404420219105434e+08 	 5.9275327682582808e+09 	 -3.0045692533359803e+07 	 0.0000000000000000e+00
	 0.0000000000000000e+00 	 0.0000000000000000e+00 	 -1.4447578458754852e+08 	 -3.0045692533304043e+07 	 2.2981962635092568e+09 	 0.0000000000000000e+00
	 4.2783961098646484e+07 	 1.0027734358631892e+07 	 0.0000000000000000e+00 	 0.0000000000000000e+00 	 0.0000000000000000e+00 	 1.7949351353147864e+08

	 3.0977844071163213e+02 	 0.0000000000000000e+00 	 0.0000000000000000e+00 	 0.0000000000000000e+00 	 0.0000000000000000e+00 	 -7.4592933246048574e+01
	 0.0000000000000000e+00 	 3.0977844071163213e+02 	 0.0000000000000000e+00 	 0.0000000000000000e+00 	 0.0000000000000000e+00 	 5.5562810551517403e+00
	 0.0000000000000000e+00 	 0.0000000000000000e+00 	 3.0977844071163213e+02 	 7.4592933246048574e+01 	 -5.5562810551517403e+00 	 0.0000000000000000e+00
	 0.0000000000000000e+00 	 0.0000000000000000e+00 	 7.4592933246048574e+01 	 2.8692031566215843e+02 	 -5.8283184159530403e+00 	 0.0000000000000000e+00
	 0.0000000000000000e+00 	 0.0000000000000000e+00 	 -5.5562810551517403e+00 	 -5.8283184159530403e+00 	 3.5059911795406322e+01 	 0.0000000000000000e+00
	 -7.4592933246048574e+01 	 5.5562810551517403e+00 	 0.0000000000000000e+00 	 0.0000000000000000e+00 	 0.0000000000000000e+00 	 3.2198022745756396e+02

	 0.689932 
	 1.1894746917102009e+08 	 2.3253709140160820e+06 	 0.0000000000000000e+00 	 0.0000000000000000e+00 	 0.0000000000000000e+00 	 3.4059359460673228e+07
	 2.3253709140089657e+06 	 4.4365020230941463e+08 	 0.0000000000000000e+00 	 0.0000000000000000e+00 	 0.0000000000000000e+00 	 1.0267754196576430e+07
	 0.0000000000000000e+00 	 0.0000000000000000e+00 	 1.3924883606483940e+10 	 -3.5121549317541331e+08 	 -1.6353052467700154e+08 	 0.0000000000000000e+00
	 0.0000000000000000e+00 	 0.0000000000000000e+00 	 -3.5121549317548764e+08 	 4.7287066155156393e+09 	 -2.1121862158156779e+07 	 0.0000000000000000e+00
	 0.0000000000000000e+00 	 0.0000000000000000e+00 	 -1.6353052467706105e+08 	 -2.1121862158137251e+07 	 1.6345538396259208e+09 	 0.0000000000000000e+00
	 3.4059359460677147e+07 	 1.0267754196614508e+07 	 0.0000000000000000e+00 	 0.0000000000000000e+00 	 0.0000000000000000e+00 	 1.3668231899570936e+08

	 2.7890633550197583e+02 	 0.0000000000000000e+00 	 0.0000000000000000e+00 	 0.0000000000000000e+00 	 0.0000000000000000e+00 	 -6.4020029124951563e+01
	 0.0000000000000000e+00 	 2.7890633550197583e+02 	 0.0000000000000000e+00 	 0.0000000000000000e+00 	 0.0000000000000000e+00 	 5.5175953009613892e+00
	 0.0000000000000000e+00 	 0.0000000000000000e+00 	 2.7890633550197583e+02 	 6.4020029124951563e+01 	 -5.5175953009613892e+00 	 0.0000000000000000e+00
	 0.0000000000000000e+00 	 0.0000000000000000e+00 	 6.4020029124951563e+01 	 2.2085482681623961e+02 	 -4.5211428211763502e+00 	 0.0000000000000000e+00
	 0.0000000000000000e+00 	 0.0000000000000000e+00 	 -5.5175953009613892e+00 	 -4.5211428211763502e+00 	 2.4880517630348670e+01 	 0.0000000000000000e+00
	 -6.4020029124951563e+01 	 5.5175953009613892e+00 	 0.0000000000000000e+00 	 0.0000000000000000e+00 	 0.0000000000000000e+00 	 2.4573534444658918e+02

	 0.727535 
	 1.0282840628834626e+08 	 2.1933720841267183e+06 	 0.0000000000000000e+00 	 0.0000000000000000e+00 	 0.0000000000000000e+00 	 2.6034122133065853e+07
	 2.1933720841163923e+06 	 4.2283462422168517e+08 	 0.0000000000000000e+00 	 0.0000000000000000e+00 	 0.0000000000000000e+00 	 1.0325687145502420e+07
	 0.0000000000000000e+00 	 0.0000000000000000e+00 	 1.2349381505261896e+10 	 -1.6997282868479690e+08 	 -1.7244696727875045e+08 	 0.0000000000000000e+00
	 0.0000000000000000e+00 	 0.0000000000000000e+00 	 -1.6997282868464530e+08 	 3.6792384375104041e+09 	 -1.6251442183598133e+07 	 0.0000000000000000e+00
	 0.0000000000000000e+00 	 0.0000000000000000e+00 	 -1.7244696727870965e+08 	 -1.6251442183574488e+07 	 1.1398639635121655e+09 	 0.0000000000000000e+00
	 2.6034122133078065e+07 	 1.0325687145481117e+07 	 0.0000000000000000e+00 	 0.0000000000000000e+00 	 0.0000000000000000e+00 	 1.0263936817920642e+08

	 2.4725945275041209e+02 	 0.0000000000000000e+00 	 0.0000000000000000e+00 	 0.0000000000000000e+00 	 0.0000000000000000e+00 	 -5.4071818043761986e+01
	 0.0000000000000000e+00 	 2.4725945275041209e+02 	 0.0000000000000000e+00 	 0.0000000000000000e+00 	 0.0000000000000000e+00 	 5.2748867144692015e+00
	 0.0000000000000000e+00 	 0.0000000000000000e+00 	 2.4725945275041209e+02 	 5.4071818043761986e+01 	 -5.2748867144692015e+00 	 0.0000000000000000e+00
	 0.0000000000000000e+00 	 0.0000000000000000e+00 	 5.4071818043761986e+01 	 1.6677499532582439e+02 	 -3.4550254990154952e+00 	 0.0000000000000000e+00
	 0.0000000000000000e+00 	 0.0000000000000000e+00 	 -5.2748867144692015e+00 	 -3.4550254990154952e+00 	 1.7403437692794039e+01 	 0.0000000000000000e+00
	 -5.4071818043761986e+01 	 5.2748867144692015e+00 	 0.0000000000000000e+00 	 0.0000000000000000e+00 	 0.0000000000000000e+00 	 1.8417843301861865e+02

	 0.765124 
	 9.0673220808426932e+07 	 2.8109297961015706e+06 	 0.0000000000000000e+00 	 0.0000000000000000e+00 	 0.0000000000000000e+00 	 1.9864804563163396e+07
	 2.8109297961251601e+06 	 4.0321501278924048e+08 	 0.0000000000000000e+00 	 0.0000000000000000e+00 	 0.0000000000000000e+00 	 9.2317816500083525e+06
	 0.0000000000000000e+00 	 0.0000000000000000e+00 	 1.0701261908965630e+10 	 -5.8285976241321295e+07 	 -1.4986242242303512e+08 	 0.0000000000000000e+00
	 0.0000000000000000e+00 	 0.0000000000000000e+00 	 -5.8285976241358258e+07 	 2.7478059970567412e+09 	 -1.5129061885281831e+07 	 0.0000000000000000e+00
	 0.0000000000000000e+00 	 0.0000000000000000e+00 	 -1.4986242242301306e+08 	 -1.5129061885292586e+07 	 8.1836049379450810e+08 	 0.0000000000000000e+00
	 1.9864804563175790e+07 	 9.2317816500038300e+06 	 0.0000000000000000e+00 	 0.0000000000000000e+00 	 0.0000000000000000e+00 	 7.9223272892878607e+07

