 ------- BEAMDYN V1.00.* INDIVIDUAL BLADE INPUT FILE --------------------------
 Test Format 1
 ---------------------- BLADE PARAMETERS --------------------------------------
30   station_total    - Number of blade input stations (-)
 1   damp_type        - Damping type: 0: no damping; 1: damped
  ---------------------- DAMPING COEFFICIENT------------------------------------
   mu1        mu2        mu3        mu4        mu5        mu6
   (-)        (-)        (-)        (-)        (-)        (-)
 0.004050    0.003210    0.000720    0.003210    0.004050    0.000720  
 ---------------------- DISTRIBUTED PROPERTIES---------------------------------
	 0.000000 
	 7.6807863718597727e+09 	 2.2441547256252505e+02 	 0.0000000000000000e+00 	 0.0000000000000000e+00 	 0.0000000000000000e+00 	 -2.4737360170744769e+03
	 2.2441670921116858e+02 	 7.6807888850302000e+09 	 0.0000000000000000e+00 	 0.0000000000000000e+00 	 0.0000000000000000e+00 	 6.5914725922118396e+02
	 0.0000000000000000e+00 	 0.0000000000000000e+00 	 5.2499296139496376e+10 	 1.6656100162729828e+04 	 -4.5389951081440786e+03 	 0.0000000000000000e+00
	 0.0000000000000000e+00 	 0.0000000000000000e+00 	 1.6656102734667438e+04 	 2.1290848472921384e+11 	 -6.2442555161175587e+03 	 0.0000000000000000e+00
	 0.0000000000000000e+00 	 0.0000000000000000e+00 	 -4.5389972599327657e+03 	 -6.2442564733573572e+03 	 2.1290841246163138e+11 	 0.0000000000000000e+00
	 -2.4737360137414585e+03 	 6.5914726075792532e+02 	 0.0000000000000000e+00 	 0.0000000000000000e+00 	 0.0000000000000000e+00 	 1.2451447017036887e+11

	 3.6191563007512395e+03 	 0.0000000000000000e+00 	 0.0000000000000000e+00 	 0.0000000000000000e+00 	 0.0000000000000000e+00 	 -1.1456845253995443e-03
	 0.0000000000000000e+00 	 3.6191563007512395e+03 	 0.0000000000000000e+00 	 0.0000000000000000e+00 	 0.0000000000000000e+00 	 3.1320662682226413e-04
	 0.0000000000000000e+00 	 0.0000000000000000e+00 	 3.6191563007512395e+03 	 1.1456845253995443e-03 	 -3.1320662682226413e-04 	 0.0000000000000000e+00
	 0.0000000000000000e+00 	 0.0000000000000000e+00 	 1.1456845253995443e-03 	 1.4678610481010734e+04 	 -4.3095149415851679e-04 	 0.0000000000000000e+00
	 0.0000000000000000e+00 	 0.0000000000000000e+00 	 -3.1320662682226413e-04 	 -4.3095149415851679e-04 	 1.4678605500770456e+04 	 0.0000000000000000e+00
	 -1.1456845253995443e-03 	 3.1320662682226413e-04 	 0.0000000000000000e+00 	 0.0000000000000000e+00 	 0.0000000000000000e+00 	 2.9357215981781137e+04

	 0.020073 
	 6.7037608249823103e+09 	 -2.8391695285143465e+05 	 0.0000000000000000e+00 	 0.0000000000000000e+00 	 0.0000000000000000e+00 	 -3.7586930342551160e+08
	 -2.8391695361532131e+05 	 6.7046406712841501e+09 	 0.0000000000000000e+00 	 0.0000000000000000e+00 	 0.0000000000000000e+00 	 -5.0677196449782494e+06
	 0.0000000000000000e+00 	 0.0000000000000000e+00 	 4.5863117735387627e+10 	 2.6073461199520216e+09 	 3.6516939867381252e+07 	 0.0000000000000000e+00
	 0.0000000000000000e+00 	 0.0000000000000000e+00 	 2.6073461199520454e+09 	 1.9272758239577777e+11 	 2.3269630263135061e+07 	 0.0000000000000000e+00
	 0.0000000000000000e+00 	 0.0000000000000000e+00 	 3.6516939866375186e+07 	 2.3269630258656599e+07 	 1.9211264580976459e+11 	 0.0000000000000000e+00
	 -3.7586930342547590e+08 	 -5.0677196450007604e+06 	 0.0000000000000000e+00 	 0.0000000000000000e+00 	 0.0000000000000000e+00 	 1.1243533270509041e+11

	 3.1619893106136574e+03 	 0.0000000000000000e+00 	 0.0000000000000000e+00 	 0.0000000000000000e+00 	 0.0000000000000000e+00 	 -1.7825333370337378e+02
	 0.0000000000000000e+00 	 3.1619893106136574e+03 	 0.0000000000000000e+00 	 0.0000000000000000e+00 	 0.0000000000000000e+00 	 -2.4442561650308385e+00
	 0.0000000000000000e+00 	 0.0000000000000000e+00 	 3.1619893106136574e+03 	 1.7825333370337378e+02 	 2.4442561650308385e+00 	 0.0000000000000000e+00
	 0.0000000000000000e+00 	 0.0000000000000000e+00 	 1.7825333370337378e+02 	 1.3284361245661483e+04 	 1.3603147582226847e+00 	 0.0000000000000000e+00
	 0.0000000000000000e+00 	 0.0000000000000000e+00 	 2.4442561650308385e+00 	 1.3603147582226847e+00 	 1.3250198169075025e+04 	 0.0000000000000000e+00
	 -1.7825333370337378e+02 	 -2.4442561650308385e+00 	 0.0000000000000000e+00 	 0.0000000000000000e+00 	 0.0000000000000000e+00 	 2.6534559414736501e+04

	 0.050182 
	 3.4903485987877316e+09 	 7.4711651633953318e+07 	 0.0000000000000000e+00 	 0.0000000000000000e+00 	 0.0000000000000000e+00 	 1.9240319028018603e+08
	 7.4711651633223504e+07 	 4.0278830676045508e+09 	 0.0000000000000000e+00 	 0.0000000000000000e+00 	 0.0000000000000000e+00 	 3.5070501725576657e+08
	 0.0000000000000000e+00 	 0.0000000000000000e+00 	 2.7962478157850784e+10 	 3.2187363072917032e+09 	 -1.6065042698060906e+09 	 0.0000000000000000e+00
	 0.0000000000000000e+00 	 0.0000000000000000e+00 	 3.2187363072912822e+09 	 1.1587773273352634e+11 	 -2.5946226411709485e+09 	 0.0000000000000000e+00
	 0.0000000000000000e+00 	 0.0000000000000000e+00 	 -1.6065042697996671e+09 	 -2.5946226411713605e+09 	 1.0475386933890092e+11 	 0.0000000000000000e+00
	 1.9240319027992466e+08 	 3.5070501725516987e+08 	 0.0000000000000000e+00 	 0.0000000000000000e+00 	 0.0000000000000000e+00 	 5.5281423390851982e+10

	 1.9350428491733910e+03 	 0.0000000000000000e+00 	 0.0000000000000000e+00 	 0.0000000000000000e+00 	 0.0000000000000000e+00 	 -2.3874903552746289e+02
	 0.0000000000000000e+00 	 1.9350428491733910e+03 	 0.0000000000000000e+00 	 0.0000000000000000e+00 	 0.0000000000000000e+00 	 8.1373781518361810e+01
	 0.0000000000000000e+00 	 0.0000000000000000e+00 	 1.9350428491733910e+03 	 2.3874903552746289e+02 	 -8.1373781518361810e+01 	 0.0000000000000000e+00
	 0.0000000000000000e+00 	 0.0000000000000000e+00 	 2.3874903552746289e+02 	 8.1299541110805003e+03 	 -1.8774898477057934e+02 	 0.0000000000000000e+00
	 0.0000000000000000e+00 	 0.0000000000000000e+00 	 -8.1373781518361810e+01 	 -1.8774898477057934e+02 	 6.6757430291940054e+03 	 0.0000000000000000e+00
	 -2.3874903552746289e+02 	 8.1373781518361810e+01 	 0.0000000000000000e+00 	 0.0000000000000000e+00 	 0.0000000000000000e+00 	 1.4805697140274560e+04

	 0.087819 
	 9.6435636849398816e+08 	 3.1287475306302667e+08 	 0.0000000000000000e+00 	 0.0000000000000000e+00 	 0.0000000000000000e+00 	 1.4990149059318677e+08
	 3.1287475305793452e+08 	 1.6295207365872786e+09 	 0.0000000000000000e+00 	 0.0000000000000000e+00 	 0.0000000000000000e+00 	 2.6064186940802851e+08
	 0.0000000000000000e+00 	 0.0000000000000000e+00 	 2.5891737207265026e+10 	 -3.4998625274385762e+08 	 -3.0440492923847232e+09 	 0.0000000000000000e+00
	 0.0000000000000000e+00 	 0.0000000000000000e+00 	 -3.4998625274439436e+08 	 9.5939848697521423e+10 	 -4.8664324313796257e+10 	 0.0000000000000000e+00
	 0.0000000000000000e+00 	 0.0000000000000000e+00 	 -3.0440492923830175e+09 	 -4.8664324313794998e+10 	 7.9441236911083099e+10 	 0.0000000000000000e+00
	 1.4990149059333545e+08 	 2.6064186940664315e+08 	 0.0000000000000000e+00 	 0.0000000000000000e+00 	 0.0000000000000000e+00 	 1.4320658460082325e+10

	 1.1695491065551719e+03 	 0.0000000000000000e+00 	 0.0000000000000000e+00 	 0.0000000000000000e+00 	 0.0000000000000000e+00 	 -3.7167736987563978e+02
	 0.0000000000000000e+00 	 1.1695491065551719e+03 	 0.0000000000000000e+00 	 0.0000000000000000e+00 	 0.0000000000000000e+00 	 4.8934381054991555e+01
	 0.0000000000000000e+00 	 0.0000000000000000e+00 	 1.1695491065551719e+03 	 3.7167736987563978e+02 	 -4.8934381054991555e+01 	 0.0000000000000000e+00
	 0.0000000000000000e+00 	 0.0000000000000000e+00 	 3.7167736987563978e+02 	 5.0124896669590735e+03 	 -7.8391428140574885e+02 	 0.0000000000000000e+00
	 0.0000000000000000e+00 	 0.0000000000000000e+00 	 -4.8934381054991555e+01 	 -7.8391428140574885e+02 	 2.6506658439646676e+03 	 0.0000000000000000e+00
	 -3.7167736987563978e+02 	 4.8934381054991555e+01 	 0.0000000000000000e+00 	 0.0000000000000000e+00 	 0.0000000000000000e+00 	 7.6631555109237706e+03

	 0.125455 
	 5.8256895527146351e+08 	 2.6903459667433649e+08 	 0.0000000000000000e+00 	 0.0000000000000000e+00 	 0.0000000000000000e+00 	 8.4089222916146547e+07
	 2.6903459667272961e+08 	 8.6192000223016334e+08 	 0.0000000000000000e+00 	 0.0000000000000000e+00 	 0.0000000000000000e+00 	 1.4527179452875587e+08
	 0.0000000000000000e+00 	 0.0000000000000000e+00 	 2.4963848196880066e+10 	 8.4630762601689434e+08 	 -2.8785665522446785e+09 	 0.0000000000000000e+00
	 0.0000000000000000e+00 	 0.0000000000000000e+00 	 8.4630762601505363e+08 	 7.4098660318110962e+10 	 -3.0088501702240353e+10 	 0.0000000000000000e+00
	 0.0000000000000000e+00 	 0.0000000000000000e+00 	 -2.8785665522431235e+09 	 -3.0088501702241428e+10 	 5.8467043967145760e+10 	 0.0000000000000000e+00
	 8.4089222915788785e+07 	 1.4527179452977920e+08 	 0.0000000000000000e+00 	 0.0000000000000000e+00 	 0.0000000000000000e+00 	 5.9814873289356604e+09

	 8.8494482941077626e+02 	 0.0000000000000000e+00 	 0.0000000000000000e+00 	 0.0000000000000000e+00 	 0.0000000000000000e+00 	 -4.0354700839502101e+02
	 0.0000000000000000e+00 	 8.8494482941077626e+02 	 0.0000000000000000e+00 	 0.0000000000000000e+00 	 0.0000000000000000e+00 	 2.8037824641998935e+01
	 0.0000000000000000e+00 	 0.0000000000000000e+00 	 8.8494482941077626e+02 	 4.0354700839502101e+02 	 -2.8037824641998935e+01 	 0.0000000000000000e+00
	 0.0000000000000000e+00 	 0.0000000000000000e+00 	 4.0354700839502101e+02 	 3.6999774222992728e+03 	 -3.5228779509261113e+02 	 0.0000000000000000e+00
	 0.0000000000000000e+00 	 0.0000000000000000e+00 	 -2.8037824641998935e+01 	 -3.5228779509261113e+02 	 1.4565801947638904e+03 	 0.0000000000000000e+00
	 -4.0354700839502101e+02 	 2.8037824641998935e+01 	 0.0000000000000000e+00 	 0.0000000000000000e+00 	 0.0000000000000000e+00 	 5.1565576170631739e+03

	 0.163092 
	 4.8333155387711656e+08 	 1.9947066355725196e+08 	 0.0000000000000000e+00 	 0.0000000000000000e+00 	 0.0000000000000000e+00 	 1.1293918627986182e+08
	 1.9947066355788353e+08 	 7.4936302953431380e+08 	 0.0000000000000000e+00 	 0.0000000000000000e+00 	 0.0000000000000000e+00 	 1.3810370514020595e+08
	 0.0000000000000000e+00 	 0.0000000000000000e+00 	 2.5570138425265621e+10 	 8.5845051751364040e+08 	 -2.2996772008365936e+09 	 0.0000000000000000e+00
	 0.0000000000000000e+00 	 0.0000000000000000e+00 	 8.5845051751360178e+08 	 6.7371752854801262e+10 	 -1.9318184989012783e+10 	 0.0000000000000000e+00
	 0.0000000000000000e+00 	 0.0000000000000000e+00 	 -2.2996772008370881e+09 	 -1.9318184989016068e+10 	 4.4162961177220192e+10 	 0.0000000000000000e+00
	 1.1293918627996796e+08 	 1.3810370514097655e+08 	 0.0000000000000000e+00 	 0.0000000000000000e+00 	 0.0000000000000000e+00 	 3.8472518508317933e+09

	 8.1071731376046273e+02 	 0.0000000000000000e+00 	 0.0000000000000000e+00 	 0.0000000000000000e+00 	 0.0000000000000000e+00 	 -4.5266001240642237e+02
	 0.0000000000000000e+00 	 8.1071731376046273e+02 	 0.0000000000000000e+00 	 0.0000000000000000e+00 	 0.0000000000000000e+00 	 4.0137586092875367e+01
	 0.0000000000000000e+00 	 0.0000000000000000e+00 	 8.1071731376046273e+02 	 4.5266001240642237e+02 	 -4.0137586092875367e+01 	 0.0000000000000000e+00
	 0.0000000000000000e+00 	 0.0000000000000000e+00 	 4.5266001240642237e+02 	 3.5661213680460278e+03 	 -2.3904331271327908e+02 	 0.0000000000000000e+00
	 0.0000000000000000e+00 	 0.0000000000000000e+00 	 -4.0137586092875367e+01 	 -2.3904331271327908e+02 	 9.5128064487084771e+02 	 0.0000000000000000e+00
	 -4.5266001240642237e+02 	 4.0137586092875367e+01 	 0.0000000000000000e+00 	 0.0000000000000000e+00 	 0.0000000000000000e+00 	 4.5174020129168657e+03

	 0.200728 
	 5.0177958566512948e+08 	 1.8868760604214773e+08 	 0.0000000000000000e+00 	 0.0000000000000000e+00 	 0.0000000000000000e+00 	 1.3514347292024732e+08
	 1.8868760605160362e+08 	 8.3307229469303441e+08 	 0.0000000000000000e+00 	 0.0000000000000000e+00 	 0.0000000000000000e+00 	 5.2318553823564626e+07
	 0.0000000000000000e+00 	 0.0000000000000000e+00 	 2.6029934422845818e+10 	 1.3683431630854418e+09 	 -2.2092525796672082e+09 	 0.0000000000000000e+00
	 0.0000000000000000e+00 	 0.0000000000000000e+00 	 1.3683431632673118e+09 	 6.1888307645812439e+10 	 -1.6036364223174603e+10 	 0.0000000000000000e+00
	 0.0000000000000000e+00 	 0.0000000000000000e+00 	 -2.2092525796750431e+09 	 -1.6036364223034067e+10 	 4.1070086901616402e+10 	 0.0000000000000000e+00
	 1.3514347281222522e+08 	 5.2318553679582223e+07 	 0.0000000000000000e+00 	 0.0000000000000000e+00 	 0.0000000000000000e+00 	 3.7641149068298450e+09

	 8.5661913631553796e+02 	 0.0000000000000000e+00 	 0.0000000000000000e+00 	 0.0000000000000000e+00 	 0.0000000000000000e+00 	 -4.4903713982176328e+02
	 0.0000000000000000e+00 	 8.5661913631553796e+02 	 0.0000000000000000e+00 	 0.0000000000000000e+00 	 0.0000000000000000e+00 	 4.3029636991721453e+01
	 0.0000000000000000e+00 	 0.0000000000000000e+00 	 8.5661913631553796e+02 	 4.4903713982176328e+02 	 -4.3029636991721453e+01 	 0.0000000000000000e+00
	 0.0000000000000000e+00 	 0.0000000000000000e+00 	 4.4903713982176328e+02 	 3.9013606846406815e+03 	 -1.9461195391573358e+02 	 0.0000000000000000e+00
	 0.0000000000000000e+00 	 0.0000000000000000e+00 	 -4.3029636991721453e+01 	 -1.9461195391573358e+02 	 8.9169479054368333e+02 	 0.0000000000000000e+00
	 -4.4903713982176328e+02 	 4.3029636991721453e+01 	 0.0000000000000000e+00 	 0.0000000000000000e+00 	 0.0000000000000000e+00 	 4.7930554751843547e+03

	 0.238365 
	 4.5552129987749761e+08 	 1.2804891244800219e+08 	 0.0000000000000000e+00 	 0.0000000000000000e+00 	 0.0000000000000000e+00 	 8.0285716581429526e+07
	 1.2804891257739954e+08 	 7.0431820916480196e+08 	 0.0000000000000000e+00 	 0.0000000000000000e+00 	 0.0000000000000000e+00 	 5.9091972038460329e+07
	 0.0000000000000000e+00 	 0.0000000000000000e+00 	 2.5392392608712452e+10 	 1.6133623005110900e+09 	 -1.9747171337199893e+09 	 0.0000000000000000e+00
	 0.0000000000000000e+00 	 0.0000000000000000e+00 	 1.6133623005644710e+09 	 5.2331929073928940e+10 	 -1.1109046917747183e+10 	 0.0000000000000000e+00
	 0.0000000000000000e+00 	 0.0000000000000000e+00 	 -1.9747171339036894e+09 	 -1.1109046917829601e+10 	 3.6908668484558891e+10 	 0.0000000000000000e+00
	 8.0285716489189312e+07 	 5.9091971952092350e+07 	 0.0000000000000000e+00 	 0.0000000000000000e+00 	 0.0000000000000000e+00 	 2.8680470680134630e+09

	 7.4331257914267610e+02 	 0.0000000000000000e+00 	 0.0000000000000000e+00 	 0.0000000000000000e+00 	 0.0000000000000000e+00 	 -5.0868160981485210e+02
	 0.0000000000000000e+00 	 7.4331257914267610e+02 	 0.0000000000000000e+00 	 0.0000000000000000e+00 	 0.0000000000000000e+00 	 4.3510805183063162e+01
	 0.0000000000000000e+00 	 0.0000000000000000e+00 	 7.4331257914267610e+02 	 5.0868160981485210e+02 	 -4.3510805183063162e+01 	 0.0000000000000000e+00
	 0.0000000000000000e+00 	 0.0000000000000000e+00 	 5.0868160981485210e+02 	 3.2045341472307082e+03 	 -1.6044302223318664e+02 	 0.0000000000000000e+00
	 0.0000000000000000e+00 	 0.0000000000000000e+00 	 -4.3510805183063162e+01 	 -1.6044302223318664e+02 	 7.2226224951474512e+02 	 0.0000000000000000e+00
	 -5.0868160981485210e+02 	 4.3510805183063162e+01 	 0.0000000000000000e+00 	 0.0000000000000000e+00 	 0.0000000000000000e+00 	 3.9267963967454548e+03

	 0.276001 
	 4.2928688592185861e+08 	 8.9117669186044782e+07 	 0.0000000000000000e+00 	 0.0000000000000000e+00 	 0.0000000000000000e+00 	 7.4986719999193951e+07
	 8.9117669185951248e+07 	 6.3926132825126135e+08 	 0.0000000000000000e+00 	 0.0000000000000000e+00 	 0.0000000000000000e+00 	 6.4469353038653545e+07
	 0.0000000000000000e+00 	 0.0000000000000000e+00 	 2.4765000185263424e+10 	 1.2178093892869401e+09 	 -1.6566629320196109e+09 	 0.0000000000000000e+00
	 0.0000000000000000e+00 	 0.0000000000000000e+00 	 1.2178093892826958e+09 	 4.4365367601896721e+10 	 -7.1640753425504084e+09 	 0.0000000000000000e+00
	 0.0000000000000000e+00 	 0.0000000000000000e+00 	 -1.6566629320203607e+09 	 -7.1640753425549507e+09 	 3.1892008203781208e+10 	 0.0000000000000000e+00
	 7.4986719998925880e+07 	 6.4469353041251853e+07 	 0.0000000000000000e+00 	 0.0000000000000000e+00 	 0.0000000000000000e+00 	 2.3539798389204421e+09

	 6.8842296165728476e+02 	 0.0000000000000000e+00 	 0.0000000000000000e+00 	 0.0000000000000000e+00 	 0.0000000000000000e+00 	 -4.5335629792706777e+02
	 0.0000000000000000e+00 	 6.8842296165728476e+02 	 0.0000000000000000e+00 	 0.0000000000000000e+00 	 0.0000000000000000e+00 	 4.0079602140821436e+01
	 0.0000000000000000e+00 	 0.0000000000000000e+00 	 6.8842296165728476e+02 	 4.5335629792706777e+02 	 -4.0079602140821436e+01 	 0.0000000000000000e+00
	 0.0000000000000000e+00 	 0.0000000000000000e+00 	 4.5335629792706777e+02 	 2.6876808032071076e+03 	 -1.1992472696090616e+02 	 0.0000000000000000e+00
	 0.0000000000000000e+00 	 0.0000000000000000e+00 	 -4.0079602140821436e+01 	 -1.1992472696090616e+02 	 6.0037577626481175e+02 	 0.0000000000000000e+00
	 -4.5335629792706777e+02 	 4.0079602140821436e+01 	 0.0000000000000000e+00 	 0.0000000000000000e+00 	 0.0000000000000000e+00 	 3.2880565794719296e+03

	 0.313638 
	 3.9714718750811690e+08 	 5.7787967948531792e+07 	 0.0000000000000000e+00 	 0.0000000000000000e+00 	 0.0000000000000000e+00 	 7.4023354431068018e+07
	 5.7787967949368231e+07 	 5.9988488829949796e+08 	 0.0000000000000000e+00 	 0.0000000000000000e+00 	 0.0000000000000000e+00 	 5.9354041188833088e+07
	 0.0000000000000000e+00 	 0.0000000000000000e+00 	 2.4127706943149860e+10 	 7.6068370283344018e+08 	 -1.2867059517262676e+09 	 0.0000000000000000e+00
	 0.0000000000000000e+00 	 0.0000000000000000e+00 	 7.6068370283572185e+08 	 3.7307858416544365e+10 	 -4.2813466076349201e+09 	 0.0000000000000000e+00
	 0.0000000000000000e+00 	 0.0000000000000000e+00 	 -1.2867059517258875e+09 	 -4.2813466076327782e+09 	 2.6744247091340843e+10 	 0.0000000000000000e+00
	 7.4023354430944562e+07 	 5.9354041188890077e+07 	 0.0000000000000000e+00 	 0.0000000000000000e+00 	 0.0000000000000000e+00 	 1.8972956372901015e+09

	 6.4325508645119430e+02 	 0.0000000000000000e+00 	 0.0000000000000000e+00 	 0.0000000000000000e+00 	 0.0000000000000000e+00 	 -4.0292560324212872e+02
	 0.0000000000000000e+00 	 6.4325508645119430e+02 	 0.0000000000000000e+00 	 0.0000000000000000e+00 	 0.0000000000000000e+00 	 3.3757495805474186e+01
	 0.0000000000000000e+00 	 0.0000000000000000e+00 	 6.4325508645119430e+02 	 4.0292560324212872e+02 	 -3.3757495805474186e+01 	 0.0000000000000000e+00
	 0.0000000000000000e+00 	 0.0000000000000000e+00 	 4.0292560324212872e+02 	 2.2729990271576644e+03 	 -8.5032598915214422e+01 	 0.0000000000000000e+00
	 0.0000000000000000e+00 	 0.0000000000000000e+00 	 -3.3757495805474186e+01 	 -8.5032598915214422e+01 	 4.8548839642234157e+02 	 0.0000000000000000e+00
	 -4.0292560324212872e+02 	 3.3757495805474186e+01 	 0.0000000000000000e+00 	 0.0000000000000000e+00 	 0.0000000000000000e+00 	 2.7584874235800053e+03

	 0.351274 
	 3.6120910494068748e+08 	 3.3823949171544105e+07 	 0.0000000000000000e+00 	 0.0000000000000000e+00 	 0.0000000000000000e+00 	 7.2637365942298248e+07
	 3.3823949171585709e+07 	 5.7632544520687568e+08 	 0.0000000000000000e+00 	 0.0000000000000000e+00 	 0.0000000000000000e+00 	 4.6912215997078955e+07
	 0.0000000000000000e+00 	 0.0000000000000000e+00 	 2.3602334999416367e+10 	 2.8317733122991735e+08 	 -9.3250172841544604e+08 	 0.0000000000000000e+00
	 0.0000000000000000e+00 	 0.0000000000000000e+00 	 2.8317733122864360e+08 	 3.1001142943539433e+10 	 -2.2824060212315979e+09 	 0.0000000000000000e+00
	 0.0000000000000000e+00 	 0.0000000000000000e+00 	 -9.3250172841554022e+08 	 -2.2824060212303758e+09 	 2.2069088019350319e+10 	 0.0000000000000000e+00
	 7.2637365942341357e+07 	 4.6912215997596569e+07 	 0.0000000000000000e+00 	 0.0000000000000000e+00 	 0.0000000000000000e+00 	 1.5033628986090231e+09

	 5.9943224637239314e+02 	 0.0000000000000000e+00 	 0.0000000000000000e+00 	 0.0000000000000000e+00 	 0.0000000000000000e+00 	 -3.5053029986216120e+02
	 0.0000000000000000e+00 	 5.9943224637239314e+02 	 0.0000000000000000e+00 	 0.0000000000000000e+00 	 0.0000000000000000e+00 	 2.7107212120097213e+01
	 0.0000000000000000e+00 	 0.0000000000000000e+00 	 5.9943224637239314e+02 	 3.5053029986216120e+02 	 -2.7107212120097213e+01 	 0.0000000000000000e+00
	 0.0000000000000000e+00 	 0.0000000000000000e+00 	 3.5053029986216120e+02 	 1.8881140817066428e+03 	 -6.0302020627857161e+01 	 0.0000000000000000e+00
	 0.0000000000000000e+00 	 0.0000000000000000e+00 	 -2.7107212120097213e+01 	 -6.0302020627857161e+01 	 3.8517576259965040e+02 	 0.0000000000000000e+00
	 -3.5053029986216120e+02 	 2.7107212120097213e+01 	 0.0000000000000000e+00 	 0.0000000000000000e+00 	 0.0000000000000000e+00 	 2.2732898443063041e+03

	 0.388910 
	 3.2421507180497265e+08 	 1.5762733466197113e+07 	 0.0000000000000000e+00 	 0.0000000000000000e+00 	 0.0000000000000000e+00 	 7.1222213952059999e+07
	 1.5762733466533467e+07 	 5.5768216798531485e+08 	 0.0000000000000000e+00 	 0.0000000000000000e+00 	 0.0000000000000000e+00 	 3.4713689592649400e+07
	 0.0000000000000000e+00 	 0.0000000000000000e+00 	 2.3058596559113907e+10 	 -1.9201901606899053e+08 	 -6.1376378100582564e+08 	 0.0000000000000000e+00
	 0.0000000000000000e+00 	 0.0000000000000000e+00 	 -1.9201901606769216e+08 	 2.5818128045394367e+10 	 -9.1914342853257775e+08 	 0.0000000000000000e+00
	 0.0000000000000000e+00 	 0.0000000000000000e+00 	 -6.1376378100559497e+08 	 -9.1914342853325355e+08 	 1.7854582470697407e+10 	 0.0000000000000000e+00
	 7.1222213952349335e+07 	 3.4713689592370912e+07 	 0.0000000000000000e+00 	 0.0000000000000000e+00 	 0.0000000000000000e+00 	 1.1732503934246521e+09

	 5.5856982769877482e+02 	 0.0000000000000000e+00 	 0.0000000000000000e+00 	 0.0000000000000000e+00 	 0.0000000000000000e+00 	 -3.0217858915485897e+02
	 0.0000000000000000e+00 	 5.5856982769877482e+02 	 0.0000000000000000e+00 	 0.0000000000000000e+00 	 0.0000000000000000e+00 	 2.0856264429369975e+01
	 0.0000000000000000e+00 	 0.0000000000000000e+00 	 5.5856982769877482e+02 	 3.0217858915485897e+02 	 -2.0856264429369975e+01 	 0.0000000000000000e+00
	 0.0000000000000000e+00 	 0.0000000000000000e+00 	 3.0217858915485897e+02 	 1.5581779794418824e+03 	 -4.3124314306333055e+01 	 0.0000000000000000e+00
	 0.0000000000000000e+00 	 0.0000000000000000e+00 	 -2.0856264429369975e+01 	 -4.3124314306333055e+01 	 3.0036773297762517e+02 	 0.0000000000000000e+00
	 -3.0217858915485897e+02 	 2.0856264429369975e+01 	 0.0000000000000000e+00 	 0.0000000000000000e+00 	 0.0000000000000000e+00 	 1.8585457124195070e+03

	 0.426546 
	 2.8972325258861703e+08 	 1.1479030841426816e+07 	 0.0000000000000000e+00 	 0.0000000000000000e+00 	 0.0000000000000000e+00 	 6.8002402960424885e+07
	 1.1479030841618525e+07 	 5.3910402937014580e+08 	 0.0000000000000000e+00 	 0.0000000000000000e+00 	 0.0000000000000000e+00 	 2.5902707786979854e+07
	 0.0000000000000000e+00 	 0.0000000000000000e+00 	 2.2284238107456734e+10 	 -7.4234787736526537e+08 	 -3.8291979626619655e+08 	 0.0000000000000000e+00
	 0.0000000000000000e+00 	 0.0000000000000000e+00 	 -7.4234787736412752e+08 	 2.1148408204060360e+10 	 -5.5008091118898487e+08 	 0.0000000000000000e+00
	 0.0000000000000000e+00 	 0.0000000000000000e+00 	 -3.8291979626591796e+08 	 -5.5008091118976080e+08 	 1.4057251885920742e+10 	 0.0000000000000000e+00
	 6.8002402960283667e+07 	 2.5902707787065364e+07 	 0.0000000000000000e+00 	 0.0000000000000000e+00 	 0.0000000000000000e+00 	 9.2675110592192090e+08

	 5.1676893863866849e+02 	 0.0000000000000000e+00 	 0.0000000000000000e+00 	 0.0000000000000000e+00 	 0.0000000000000000e+00 	 -2.5487258931481492e+02
	 0.0000000000000000e+00 	 5.1676893863866849e+02 	 0.0000000000000000e+00 	 0.0000000000000000e+00 	 0.0000000000000000e+00 	 1.5284461892340328e+01
	 0.0000000000000000e+00 	 0.0000000000000000e+00 	 5.1676893863866849e+02 	 2.5487258931481492e+02 	 -1.5284461892340328e+01 	 0.0000000000000000e+00
	 0.0000000000000000e+00 	 0.0000000000000000e+00 	 2.5487258931481492e+02 	 1.2526890049973747e+03 	 -3.2531929863880350e+01 	 0.0000000000000000e+00
	 0.0000000000000000e+00 	 0.0000000000000000e+00 	 -1.5284461892340328e+01 	 -3.2531929863880350e+01 	 2.3088485309349579e+02 	 0.0000000000000000e+00
	 -2.5487258931481492e+02 	 1.5284461892340328e+01 	 0.0000000000000000e+00 	 0.0000000000000000e+00 	 0.0000000000000000e+00 	 1.4835738580908717e+03

	 0.464180 
	 2.5649092811499026e+08 	 9.9447397915214878e+06 	 0.0000000000000000e+00 	 0.0000000000000000e+00 	 0.0000000000000000e+00 	 6.0800926156652242e+07
	 9.9447397914229557e+06 	 5.2113112769874400e+08 	 0.0000000000000000e+00 	 0.0000000000000000e+00 	 0.0000000000000000e+00 	 1.9787208793569364e+07
	 0.0000000000000000e+00 	 0.0000000000000000e+00 	 2.1242542048271202e+10 	 -9.4208697922940969e+08 	 -2.4435549384165901e+08 	 0.0000000000000000e+00
	 0.0000000000000000e+00 	 0.0000000000000000e+00 	 -9.4208697922890580e+08 	 1.6817258330703859e+10 	 -3.8316775382606864e+08 	 0.0000000000000000e+00
	 0.0000000000000000e+00 	 0.0000000000000000e+00 	 -2.4435549384186050e+08 	 -3.8316775382537389e+08 	 1.0762981801049490e+10 	 0.0000000000000000e+00
	 6.0800926156770051e+07 	 1.9787208793300197e+07 	 0.0000000000000000e+00 	 0.0000000000000000e+00 	 0.0000000000000000e+00 	 7.2081770187360930e+08

	 4.7361368775573658e+02 	 0.0000000000000000e+00 	 0.0000000000000000e+00 	 0.0000000000000000e+00 	 0.0000000000000000e+00 	 -2.1375006475397123e+02
	 0.0000000000000000e+00 	 4.7361368775573658e+02 	 0.0000000000000000e+00 	 0.0000000000000000e+00 	 0.0000000000000000e+00 	 1.1043902499738367e+01
	 0.0000000000000000e+00 	 0.0000000000000000e+00 	 4.7361368775573658e+02 	 2.1375006475397123e+02 	 -1.1043902499738367e+01 	 0.0000000000000000e+00
	 0.0000000000000000e+00 	 0.0000000000000000e+00 	 2.1375006475397123e+02 	 9.8540850557843748e+02 	 -2.4426422408550309e+01 	 0.0000000000000000e+00
	 0.0000000000000000e+00 	 0.0000000000000000e+00 	 -1.1043902499738367e+01 	 -2.4426422408550309e+01 	 1.7344409143941397e+02 	 0.0000000000000000e+00
	 -2.1375006475397123e+02 	 1.1043902499738367e+01 	 0.0000000000000000e+00 	 0.0000000000000000e+00 	 0.0000000000000000e+00 	 1.1588525970178473e+03

	 0.501813 
	 2.3298528563422757e+08 	 8.3521889430722250e+06 	 0.0000000000000000e+00 	 0.0000000000000000e+00 	 0.0000000000000000e+00 	 5.6196384713831402e+07
	 8.3521889432981666e+06 	 5.0188399824742043e+08 	 0.0000000000000000e+00 	 0.0000000000000000e+00 	 0.0000000000000000e+00 	 1.1571471532082299e+07
	 0.0000000000000000e+00 	 0.0000000000000000e+00 	 1.9981899624931282e+10 	 -8.6654629557148111e+08 	 -7.0935521585515454e+07 	 0.0000000000000000e+00
	 0.0000000000000000e+00 	 0.0000000000000000e+00 	 -8.6654629557144582e+08 	 1.3033462204446629e+10 	 -2.2965390628820145e+08 	 0.0000000000000000e+00
	 0.0000000000000000e+00 	 0.0000000000000000e+00 	 -7.0935521585280359e+07 	 -2.2965390628833410e+08 	 8.0579222336139984e+09 	 0.0000000000000000e+00
	 5.6196384713715002e+07 	 1.1571471532354997e+07 	 0.0000000000000000e+00 	 0.0000000000000000e+00 	 0.0000000000000000e+00 	 5.1169287915636283e+08

	 4.3051078086526860e+02 	 0.0000000000000000e+00 	 0.0000000000000000e+00 	 0.0000000000000000e+00 	 0.0000000000000000e+00 	 -1.7049743680461265e+02
	 0.0000000000000000e+00 	 4.3051078086526860e+02 	 0.0000000000000000e+00 	 0.0000000000000000e+00 	 0.0000000000000000e+00 	 6.4896708437614157e+00
	 0.0000000000000000e+00 	 0.0000000000000000e+00 	 4.3051078086526860e+02 	 1.7049743680461265e+02 	 -6.4896708437614157e+00 	 0.0000000000000000e+00
	 0.0000000000000000e+00 	 0.0000000000000000e+00 	 1.7049743680461265e+02 	 7.3828329274689554e+02 	 -1.6451334563347523e+01 	 0.0000000000000000e+00
	 0.0000000000000000e+00 	 0.0000000000000000e+00 	 -6.4896708437614157e+00 	 -1.6451334563347523e+01 	 1.2834064156470990e+02 	 0.0000000000000000e+00
	 -1.7049743680461265e+02 	 6.4896708437614157e+00 	 0.0000000000000000e+00 	 0.0000000000000000e+00 	 0.0000000000000000e+00 	 8.6662393431160751e+02

	 0.539445 
	 1.9023502075795954e+08 	 6.7093118271971587e+06 	 0.0000000000000000e+00 	 0.0000000000000000e+00 	 0.0000000000000000e+00 	 6.7147656757047832e+07
	 6.7093118273268891e+06 	 4.7939583040613246e+08 	 0.0000000000000000e+00 	 0.0000000000000000e+00 	 0.0000000000000000e+00 	 1.1019954061698552e+07
	 0.0000000000000000e+00 	 0.0000000000000000e+00 	 1.8912441846326092e+10 	 -8.5254331739872003e+08 	 -1.1294990877185968e+08 	 0.0000000000000000e+00
	 0.0000000000000000e+00 	 0.0000000000000000e+00 	 -8.5254331739875436e+08 	 1.0698700962127974e+10 	 -1.4515359567099687e+08 	 0.0000000000000000e+00
	 0.0000000000000000e+00 	 0.0000000000000000e+00 	 -1.1294990877165841e+08 	 -1.4515359567070958e+08 	 6.0023866363281431e+09 	 0.0000000000000000e+00
	 6.7147656757142156e+07 	 1.1019954061657382e+07 	 0.0000000000000000e+00 	 0.0000000000000000e+00 	 0.0000000000000000e+00 	 3.7435584271813124e+08

	 3.9053266245640827e+02 	 0.0000000000000000e+00 	 0.0000000000000000e+00 	 0.0000000000000000e+00 	 0.0000000000000000e+00 	 -1.4015415464934844e+02
	 0.0000000000000000e+00 	 3.9053266245640827e+02 	 0.0000000000000000e+00 	 0.0000000000000000e+00 	 0.0000000000000000e+00 	 6.5446594708258825e+00
	 0.0000000000000000e+00 	 0.0000000000000000e+00 	 3.9053266245640827e+02 	 1.4015415464934844e+02 	 -6.5446594708258825e+00 	 0.0000000000000000e+00
	 0.0000000000000000e+00 	 0.0000000000000000e+00 	 1.4015415464934844e+02 	 5.7975018360494335e+02 	 -1.2635700341278532e+01 	 0.0000000000000000e+00
	 0.0000000000000000e+00 	 0.0000000000000000e+00 	 -6.5446594708258825e+00 	 -1.2635700341278532e+01 	 9.3636714671312518e+01 	 0.0000000000000000e+00
	 -1.4015415464934844e+02 	 6.5446594708258825e+00 	 0.0000000000000000e+00 	 0.0000000000000000e+00 	 0.0000000000000000e+00 	 6.7338689827625569e+02

	 0.577074 
	 1.6769199716414839e+08 	 4.4367736212950386e+06 	 0.0000000000000000e+00 	 0.0000000000000000e+00 	 0.0000000000000000e+00 	 5.5362977187502638e+07
	 4.4367736212451002e+06 	 4.6268862278830719e+08 	 0.0000000000000000e+00 	 0.0000000000000000e+00 	 0.0000000000000000e+00 	 9.7913908131512329e+06
	 0.0000000000000000e+00 	 0.0000000000000000e+00 	 1.7702220125747128e+10 	 -6.8522970202217221e+08 	 -1.0869460595853411e+08 	 0.0000000000000000e+00
	 0.0000000000000000e+00 	 0.0000000000000000e+00 	 -6.8522970202216506e+08 	 8.7470734410037594e+09 	 -7.1056182624409810e+07 	 0.0000000000000000e+00
	 0.0000000000000000e+00 	 0.0000000000000000e+00 	 -1.0869460595850694e+08 	 -7.1056182624460891e+07 	 4.3850771234681730e+09 	 0.0000000000000000e+00
	 5.5362977187368639e+07 	 9.7913908131824434e+06 	 0.0000000000000000e+00 	 0.0000000000000000e+00 	 0.0000000000000000e+00 	 2.8693634837779218e+08

	 3.5795668802561624e+02 	 0.0000000000000000e+00 	 0.0000000000000000e+00 	 0.0000000000000000e+00 	 0.0000000000000000e+00 	 -1.2034685426134642e+02
	 0.0000000000000000e+00 	 3.5795668802561624e+02 	 0.0000000000000000e+00 	 0.0000000000000000e+00 	 0.0000000000000000e+00 	 5.9858047005986066e+00
	 0.0000000000000000e+00 	 0.0000000000000000e+00 	 3.5795668802561624e+02 	 1.2034685426134642e+02 	 -5.9858047005986066e+00 	 0.0000000000000000e+00
	 0.0000000000000000e+00 	 0.0000000000000000e+00 	 1.2034685426134642e+02 	 4.5698987202037358e+02 	 -9.5460821748095341e+00 	 0.0000000000000000e+00
	 0.0000000000000000e+00 	 0.0000000000000000e+00 	 -5.9858047005986066e+00 	 -9.5460821748095341e+00 	 6.7614483088539444e+01 	 0.0000000000000000e+00
	 -1.2034685426134642e+02 	 5.9858047005986066e+00 	 0.0000000000000000e+00 	 0.0000000000000000e+00 	 0.0000000000000000e+00 	 5.2460435510891534e+02

	 0.614699 
	 1.4757572221550643e+08 	 4.0170519067159635e+06 	 0.0000000000000000e+00 	 0.0000000000000000e+00 	 0.0000000000000000e+00 	 4.3881521934358336e+07
	 4.0170519066845132e+06 	 4.5147401609537494e+08 	 0.0000000000000000e+00 	 0.0000000000000000e+00 	 0.0000000000000000e+00 	 7.5559990052198311e+06
	 0.0000000000000000e+00 	 0.0000000000000000e+00 	 1.6390000162794083e+10 	 -3.9902188230419606e+08 	 -1.1817973179627815e+08 	 0.0000000000000000e+00
	 0.0000000000000000e+00 	 0.0000000000000000e+00 	 -3.9902188230406845e+08 	 7.0321617020576410e+09 	 -3.5860449277561888e+07 	 0.0000000000000000e+00
	 0.0000000000000000e+00 	 0.0000000000000000e+00 	 -1.1817973179631193e+08 	 -3.5860449277571023e+07 	 3.1725965254287467e+09 	 0.0000000000000000e+00
	 4.3881521934376813e+07 	 7.5559990052619493e+06 	 0.0000000000000000e+00 	 0.0000000000000000e+00 	 0.0000000000000000e+00 	 2.1948984199093831e+08

	 3.2630328434910865e+02 	 0.0000000000000000e+00 	 0.0000000000000000e+00 	 0.0000000000000000e+00 	 0.0000000000000000e+00 	 -1.0359060469901101e+02
	 0.0000000000000000e+00 	 3.2630328434910865e+02 	 0.0000000000000000e+00 	 0.0000000000000000e+00 	 0.0000000000000000e+00 	 5.6657868867862033e+00
	 0.0000000000000000e+00 	 0.0000000000000000e+00 	 3.2630328434910865e+02 	 1.0359060469901101e+02 	 -5.6657868867862033e+00 	 0.0000000000000000e+00
	 0.0000000000000000e+00 	 0.0000000000000000e+00 	 1.0359060469901101e+02 	 3.5549615120830254e+02 	 -7.3048020650656369e+00 	 0.0000000000000000e+00
	 0.0000000000000000e+00 	 0.0000000000000000e+00 	 -5.6657868867862033e+00 	 -7.3048020650656369e+00 	 4.8477965595453568e+01 	 0.0000000000000000e+00
	 -1.0359060469901101e+02 	 5.6657868867862033e+00 	 0.0000000000000000e+00 	 0.0000000000000000e+00 	 0.0000000000000000e+00 	 4.0397411680375706e+02

	 0.652319 
	 1.3015304114310418e+08 	 2.8316740415716856e+06 	 0.0000000000000000e+00 	 0.0000000000000000e+00 	 0.0000000000000000e+00 	 3.5605286197395980e+07
	 2.8316740416443935e+06 	 4.4006168739238364e+08 	 0.0000000000000000e+00 	 0.0000000000000000e+00 	 0.0000000000000000e+00 	 9.9945318854873907e+06
	 0.0000000000000000e+00 	 0.0000000000000000e+00 	 1.5060517317446249e+10 	 -2.6536822120051169e+08 	 -1.4649013524984485e+08 	 0.0000000000000000e+00
	 0.0000000000000000e+00 	 0.0000000000000000e+00 	 -2.6536822120054337e+08 	 5.6498802832814369e+09 	 -2.8606765810864497e+07 	 0.0000000000000000e+00
	 0.0000000000000000e+00 	 0.0000000000000000e+00 	 -1.4649013524980330e+08 	 -2.8606765810847070e+07 	 2.2932355123655548e+09 	 0.0000000000000000e+00
	 3.5605286197398737e+07 	 9.9945318854887243e+06 	 0.0000000000000000e+00 	 0.0000000000000000e+00 	 0.0000000000000000e+00 	 1.6953770540185389e+08

	 2.9647144051175025e+02 	 0.0000000000000000e+00 	 0.0000000000000000e+00 	 0.0000000000000000e+00 	 0.0000000000000000e+00 	 -8.7270661952217239e+01
	 0.0000000000000000e+00 	 2.9647144051175025e+02 	 0.0000000000000000e+00 	 0.0000000000000000e+00 	 0.0000000000000000e+00 	 5.6403273932852294e+00
	 0.0000000000000000e+00 	 0.0000000000000000e+00 	 2.9647144051175025e+02 	 8.7270661952217239e+01 	 -5.6403273932852294e+00 	 0.0000000000000000e+00
	 0.0000000000000000e+00 	 0.0000000000000000e+00 	 8.7270661952217239e+01 	 2.7471455543013161e+02 	 -5.7665162849499385e+00 	 0.0000000000000000e+00
	 0.0000000000000000e+00 	 0.0000000000000000e+00 	 -5.6403273932852294e+00 	 -5.7665162849499385e+00 	 3.4838761508246449e+01 	 0.0000000000000000e+00
	 -8.7270661952217239e+01 	 5.6403273932852294e+00 	 0.0000000000000000e+00 	 0.0000000000000000e+00 	 0.0000000000000000e+00 	 3.0955331693837917e+02

	 0.689932 
	 1.1384865788931614e+08 	 2.3312792634197273e+06 	 0.0000000000000000e+00 	 0.0000000000000000e+00 	 0.0000000000000000e+00 	 2.8450573061983265e+07
	 2.3312792633646084e+06 	 4.2395537741107595e+08 	 0.0000000000000000e+00 	 0.0000000000000000e+00 	 0.0000000000000000e+00 	 1.0122762756962262e+07
	 0.0000000000000000e+00 	 0.0000000000000000e+00 	 1.3675120983933731e+10 	 -1.2782515085727659e+08 	 -1.6292432989089477e+08 	 0.0000000000000000e+00
	 0.0000000000000000e+00 	 0.0000000000000000e+00 	 -1.2782515085721938e+08 	 4.5275377908105526e+09 	 -2.1815151405090988e+07 	 0.0000000000000000e+00
	 0.0000000000000000e+00 	 0.0000000000000000e+00 	 -1.6292432989098835e+08 	 -2.1815151405085970e+07 	 1.6312074136752524e+09 	 0.0000000000000000e+00
	 2.8450573061986126e+07 	 1.0122762756925922e+07 	 0.0000000000000000e+00 	 0.0000000000000000e+00 	 0.0000000000000000e+00 	 1.2946396061072659e+08

	 2.6789387831772979e+02 	 0.0000000000000000e+00 	 0.0000000000000000e+00 	 0.0000000000000000e+00 	 0.0000000000000000e+00 	 -7.3825989001061544e+01
	 0.0000000000000000e+00 	 2.6789387831772979e+02 	 0.0000000000000000e+00 	 0.0000000000000000e+00 	 0.0000000000000000e+00 	 5.4921256788859640e+00
	 0.0000000000000000e+00 	 0.0000000000000000e+00 	 2.6789387831772979e+02 	 7.3825989001061544e+01 	 -5.4921256788859640e+00 	 0.0000000000000000e+00
	 0.0000000000000000e+00 	 0.0000000000000000e+00 	 7.3825989001061544e+01 	 2.1202174836779693e+02 	 -4.5499754072722753e+00 	 0.0000000000000000e+00
	 0.0000000000000000e+00 	 0.0000000000000000e+00 	 -5.4921256788859640e+00 	 -4.5499754072722753e+00 	 2.4733971218267786e+01 	 0.0000000000000000e+00
	 -7.3825989001061544e+01 	 5.4921256788859640e+00 	 0.0000000000000000e+00 	 0.0000000000000000e+00 	 0.0000000000000000e+00 	 2.3675571958606525e+02

	 0.727535 
	 9.8887952516065896e+07 	 2.1534938903420866e+06 	 0.0000000000000000e+00 	 0.0000000000000000e+00 	 0.0000000000000000e+00 	 2.2050272787592623e+07
	 2.1534938903303514e+06 	 4.0647740462048346e+08 	 0.0000000000000000e+00 	 0.0000000000000000e+00 	 0.0000000000000000e+00 	 1.0112023758113857e+07
	 0.0000000000000000e+00 	 0.0000000000000000e+00 	 1.2152383730230801e+10 	 -3.1975504936043560e+06 	 -1.7071069060716355e+08 	 0.0000000000000000e+00
	 0.0000000000000000e+00 	 0.0000000000000000e+00 	 -3.1975504934999729e+06 	 3.5381154231448221e+09 	 -1.7696875253963225e+07 	 0.0000000000000000e+00
	 0.0000000000000000e+00 	 0.0000000000000000e+00 	 -1.7071069060714659e+08 	 -1.7696875253950220e+07 	 1.1379027015821819e+09 	 0.0000000000000000e+00
	 2.2050272787591536e+07 	 1.0112023758150563e+07 	 0.0000000000000000e+00 	 0.0000000000000000e+00 	 0.0000000000000000e+00 	 9.7860533885056406e+07

	 2.3857778810613431e+02 	 0.0000000000000000e+00 	 0.0000000000000000e+00 	 0.0000000000000000e+00 	 0.0000000000000000e+00 	 -6.1364322532204270e+01
	 0.0000000000000000e+00 	 2.3857778810613431e+02 	 0.0000000000000000e+00 	 0.0000000000000000e+00 	 0.0000000000000000e+00 	 5.1985942164337056e+00
	 0.0000000000000000e+00 	 0.0000000000000000e+00 	 2.3857778810613431e+02 	 6.1364322532204270e+01 	 -5.1985942164337056e+00 	 0.0000000000000000e+00
	 0.0000000000000000e+00 	 0.0000000000000000e+00 	 6.1364322532204270e+01 	 1.6059047365128686e+02 	 -3.5186198994083080e+00 	 0.0000000000000000e+00
	 0.0000000000000000e+00 	 0.0000000000000000e+00 	 -5.1985942164337056e+00 	 -3.5186198994083080e+00 	 1.7316450508424893e+01 	 0.0000000000000000e+00
	 -6.1364322532204270e+01 	 5.1985942164337056e+00 	 0.0000000000000000e+00 	 0.0000000000000000e+00 	 0.0000000000000000e+00 	 1.7790692415971117e+02

	 0.765124 
	 8.7745835664374918e+07 	 2.7682603361018351e+06 	 0.0000000000000000e+00 	 0.0000000000000000e+00 	 0.0000000000000000e+00 	 1.7126564297551673e+07
	 2.7682603361038459e+06 	 3.9017141503554600e+08 	 0.0000000000000000e+00 	 0.0000000000000000e+00 	 0.0000000000000000e+00 	 9.0271724313429166e+06
	 0.0000000000000000e+00 	 0.0000000000000000e+00 	 1.0554343203792664e+10 	 5.9361473514044791e+07 	 -1.4792255158616018e+08 	 0.0000000000000000e+00
	 0.0000000000000000e+00 	 0.0000000000000000e+00 	 5.9361473514118463e+07 	 2.6531930376524243e+09 	 -1.6621935811977811e+07 	 0.0000000000000000e+00
	 0.0000000000000000e+00 	 0.0000000000000000e+00 	 -1.4792255158612993e+08 	 -1.6621935811963726e+07 	 8.1726483409452403e+08 	 0.0000000000000000e+00
	 1.7126564297552608e+07 	 9.0271724313415363e+06 	 0.0000000000000000e+00 	 0.0000000000000000e+00 	 0.0000000000000000e+00 	 7.6163138916615039e+07

